   5.7674613344715908E-005     3.0807922047130205          3.6803504500696818     
   3.4671778698209437          4.0274669128165215          1.6552271586916731     
  0.35563428220518745          5.1318943047394896          5.1351583273884671     
   7.0658358347511694          2.8990937423654941          3.9265417464582697     
   6.2817044080380811         0.26134710337657907         0.40414403902309459     
   4.0042817182519457          5.0735708519946456          5.8193684864818351E-002
   2.8984394959703650         0.50529449683972416          3.1559962958511960     
   5.1916758438029547          4.4523846266337159          7.0336588074998190     
   6.3966210751274275          3.9833314149544776         0.69520978925720556     
   4.9433163424189388          3.1447569555756445          5.3006682467027986     
   6.8815942824214744          5.7618560829871512          1.9840193153798964     
  0.35880818827081384          5.5644304745131876          2.4812952386330380     
   4.7824474271471900          5.7181044817701832          7.4917736682918985     
   2.7617867089767287          1.8674967707752330          7.4276142656092361     
  0.54946964599844250          4.7748596108290258          6.6879661867699269     
   2.0615574260268659          3.2990635812477649          5.7943377042902284     
   3.6114256824594122          1.7974617668580777          2.0781641100068100     
   2.7158723097593338          1.2587141919467513          3.6778398020575196     
   6.7858562266009130          6.8731828005314810         0.45783730171535808     
   6.8387492540330186          3.8139536918827162          3.9029221899619415     
   2.4117378526076436          7.4585458816786740          3.7342293529236485     
   2.0119248165804038         0.68589714153370096          7.1646486683956709     
  0.55750804523336228          3.7851073735520231          2.9039312005597822     
   2.0946067818050551          6.9080272786500245          4.0046385799220161     
   3.5109889479829235          7.1133615184788823         0.37861040629638865     
  0.94770203715370371         0.11995057943533993          5.2043948983771315     
   6.5635368131420364          4.7590495574459055          5.5655082688500670     
   5.4837707254189354          7.5554284181077946          6.7171837854240266     
   3.8801046710574383          4.4685389253652374          6.3952188610904841     
   3.1151356346281318          6.3614215376704806          2.0359102464051375     
   2.1711878543368357          1.3480719936660535          1.1620497376493404     
   4.3214398240295395          6.0658067023088051         0.24986985532098061     
   4.0401877697223654          3.7682735957820341          7.2220745599703378     
   5.6567368908397384          4.1923910743390707          6.7335525616239238     
   4.7235634492539020          6.3654209116396032          1.2077658803833629     
   1.6082998490774116          5.4028676615496352         0.98596734077625570     
  0.68784365973408512          2.0757561948996681          2.2675134702808464E-002
   3.1318594701664324         0.20317144182843094          5.3659000367273393     
   7.0900591723559501          1.8136106585945981          1.3674867103832185     
   2.4004480470454155          6.7052289194766672          4.9292545507528303     
   1.1364602326409567          5.1506547750615255          2.9165763595356111     
   2.9310184431834614          3.7778043256372484          1.1152792308901098     
   4.4388527204777120          6.3921512925932120          4.4609402950570711     
   7.2224386309670763          4.2041999514214012          1.1199544792343659     
   7.4333204476670289          3.0900814221248538          1.0720899571532527     
   4.2703653492494595          1.9059549238861564          3.6929379344321660     
   3.5078510885506375          7.2654242412255599         0.95273234483636315     
   1.5100691685613583          2.4133761720929670          4.7569768760288298     
  0.95788340874071309          4.9231698790449627          4.6992590067241053     
   6.0708514286448008          1.8735652214980973          3.6015975678791392     
   2.9430291814124985          1.5364751298149031         0.21450270101900060     
   6.8162237128585730          3.2241172235379736          1.0736111250802196     
   7.1625507543352569          3.1017713453171609         0.99172218578905813     
   6.6950817921913313         0.69678863179751716          1.2261442563919900     
  0.53720658133602228          2.7617885113083958          1.9129930290458788     
   1.0213615300532410          5.9202666178650816          3.4419073775176230     
   2.6422362471714678          3.4191745682014698          6.1152374506085607     
   7.0430165135149991          4.9261347146372145          1.6271756686261369     
   5.1373950209872419          6.8710182001993871          1.8908297565365046     
   6.5076915664393482          3.5625194126747601          3.8247857052015206     
   4.5386910808407492          6.1803773217180833          5.7138185370660040     
   3.4943516243646400          7.1918873068793800          4.7832044064473394     
   3.3211277255154528          6.2343211085120629          5.2083690397029159     
   5.3083497842676479          7.4623524061594253          7.2149247102472600     
   6.4351945774650403          2.1870934312983081          4.0626826712584716     
   3.8888820262758372         0.78191095409931677          3.1298588820160376     
   4.3597033253204245          6.6264219673361140          3.3264824528981762     
  0.14432891756348454          6.6979745345169022          3.9686550281899144     
   3.5024999658312481         0.49283317569393148          5.3931350705477143     
   3.6961785267694722          5.0473361122494680          5.1559680488159074     
   1.5085389889760563          6.9293182226325598          6.5456630900001755     
   6.7281185316478513          4.1119908610048697          1.0522480878310034     
   3.4044134718485566          7.4791122883310663          1.6293186409782265     
   3.3717245824037718          2.3867863730093859          3.8905816250378393     
   6.6637536631551484          3.3241159914193759          3.5343183290808611     
   6.0978900083134704          2.7604205415731258          1.5989817943589060     
   7.5528474791606186          1.1611756067908345          4.7661921978423152     
   4.6593157323195555          4.4968175092208185E-003     6.6433945246444637E-003
   5.8461745653654589          5.4983083326451379          2.4128300655978592     
   3.1577932205232173          5.1593330020382382          5.1447251038770219     
   1.5516814020895708          6.3229381519162189          5.3591034440109979     
   6.2646399318147132         0.71474345986439403         0.61789697006861388     
   5.7755141523598468          4.7592640349142812          1.6166212143840539     
   1.6143124275185983         0.61278015046593737          2.9393181805100994     
   7.1978764550088954          7.1629923255936774          2.9471078579749701     
   2.0351352437883179          5.2324698187543390          2.1471699825420956     
   5.8727373294740346          5.9256483802228104          3.1935947367569497     
   2.1329640043426252          1.4663013463593870          8.5544067911882848E-002
   1.4500965823411889          7.4327959691519254          1.8449333806357799     
   6.1967406909229794          1.0315338899819153          3.0097767323690050     
   4.5433519105316691          1.3371318404472277          6.2619688762841861     
   1.1923721656153248          7.4683361472939396          1.9440724363120125     
   4.7884293659500372         0.42666417320253913          4.5222339903891680     
   1.7160702711070144          2.4098093577239297          5.2904165841807753     
  0.88776729989854175          5.7646731273827072          3.9772413362516090     
   4.1873066967064005          4.4449175665372422          2.4921218449568414     
   5.3142668391304824          1.0813539419217477          1.2222818596295610     
   3.6688281437224077          6.5028991665367357          6.1479029097416742     
   4.2094140969340970          5.5864639791425361          2.3888644614214627     
   1.0230467101619070          3.9955746539685606          2.3490383385752693     
   2.1113216056850206         0.59163159068509685          2.7950739725349649     
   1.9195318883338359          5.0783686588922592          5.1120308074372360     
   3.8851151530917605          5.5079327837470373          5.4486631068770066     
   7.1418834171095114          3.4826526895139978          7.1071867301876637     
   2.4308407659464137          3.4806629153536051          3.9093727349982146     
   4.9995346717767006          3.0376660125845092          4.5783495868419095     
   7.4574933199851330          1.1369054085627113          5.0656261740064110     
   2.5990974387212873          4.0950723736465307          3.9521781120899959     
   6.2686519221055050         0.11301881184397189          2.0728940922124366     
   4.8606145515459502          4.1285326610448010          6.9384938931493707     
   2.0154700029694368          7.3333955753839746          1.8651843792464433     
   6.3800540424441579          5.2464901567921061          3.4452651214132857     
   6.1768988216007301         0.16694097065794722          1.2151842775248269     
   5.3442071727830580          5.3508307416593652          3.3007794009947702     
   4.4028277151172688          5.6825715129548371          7.4955189134959710     
   5.2590037455562424          2.1129761461553471          5.6988447655763821     
   1.2940308809620547          3.2157201603013164E-002     3.7471899199412064     
  0.60413256312756403          1.2328146858916398          6.8285282311493347     
   5.9190482416581744          5.6445405124489980          3.2991699188161192     
   4.7938417679461054E-002     4.4207140545807988          3.9194513736802037     
  0.50535217145306888          4.1125531884849806          2.9461850641614546     
   1.6315409159236651          2.9162339165188769          4.7387751285235709     
   2.1188499450581730          6.1680601871056524          2.8114607720515323     
   5.1866022801602867          2.3447289635594188          7.0662215337279122E-002
  0.78465770755985886          3.9382100416705725          5.8652864903625641     
   1.2115940328441184          5.4713112066048097          2.2453465931081382     
  0.38253047767216231          3.6119735912861870          3.4559259132237230     
   3.9308655401274564          3.3752499431444676          1.1362836041375886     
   2.1615886358782745          6.3022419773838010          5.2586883375145135     
   4.3677128872486719          5.1492795959995874          2.5035251974140920     
  0.43448449030574920          7.4603680389940337          4.1002342515408827     
   1.2528007417472509E-002     6.4724109240573853         0.22191208650212957     
   2.8541021369616146          3.7015350564838627          4.3555940091196135     
   5.5861774084074796          5.1354286771385205          4.0539215370250758     
  0.26902503627809438         0.92609388279777249          7.3581073448705183     
   1.4232742824725619          2.6558023976291452          4.6424981755345698     
   4.5932548697281845         0.95199158652121696          4.1793746350398351     
   7.2120031306150167          2.6981824244475092          6.3356517994953947     
   7.3648859142701895          1.9580242857464327          1.9014292690702632     
   3.2077772846447488          6.1462573809296828          6.7878063494646312     
   1.8489543825849069          5.7499066240347929          5.2527857013050152     
   3.4157807776724667          1.9928435312216379          5.0308898357878888     
   4.1348696591860516          4.5955852845736445E-002     1.3302811777808756     
   4.5308725660692062          3.2650211407210463         0.62370948969476103     
   5.1965277206505789          2.8371656262866054          6.3213250650742339     
  0.93463873723112556          7.3580352516038374         0.22402802387921383     
  0.60743083007821497          3.7362551737173817          5.8165820817246185     
   7.0608271550485142          1.8910550479948824          2.7188425523465867     
   5.8141381199841362          3.7794246218059016          5.6639876711361694     
  0.27492046316092456          1.7430133271973318          1.6756998440973803     
   4.9364584704259187          1.2543327236642199          5.6250753304451564     
   1.2076919847850149         0.36012389038774018          5.0043577113176525     
  0.94452272409307625          7.1751778899944156          3.6601751493890333     
   4.6948108521698941          6.9095953072003340         0.13565069058677182     
   4.4869227083688656          5.4570079024953202          3.7539234310492020     
  0.40590311473010843          3.3385328424238878          3.9247159844795760     
   5.8355317968716918         0.49406236589084074          3.3472849649989485     
   7.3870185471412242          3.5359025786161737          2.4875078758892641     
   3.3710180683902990          5.6187978092489175          1.5522815785346893     
   1.2955466418940205          2.8160729387874426          7.1038794515786776     
   7.2938181743078303          1.9273576124320471         0.53170045809326894     
  0.93623740541977440          3.9788634347519292          1.2101521675105005     
   3.9136208307373863         0.79514727786192907          6.3619153765472447     
   5.3940740853462330          4.3601521059055131          6.5910313827224627     
   2.9411096981871196          7.0699829999169879          4.5780684231018540     
   3.0366026369009660          1.8176154395587218         0.62808735331395837     
   3.1869351212473020          3.5709687435297610          2.1904962334856464     
  0.79351616770327382          1.6357763953411677          6.0628815180132278     
   3.9871884047219055          5.0559638739395041          6.5287301839885004     
   1.8426354077603264          5.3790894998666090          1.9931661485900349     
   2.8939480854561452         0.61236200951918818          3.4755875493792701     
   1.7603625718240892          6.0124883246032823          3.7143207973297194     
   2.4407175434816963E-002     2.0117337694236994          5.0247330708133404     
   3.2142422483343580          1.4123052919470638          7.2834187205891112     
   1.0132708631999776          6.0162912444206995          7.1516484500814386     
   1.2938524501270194          4.5810819216491154         0.48232377974352403     
   2.6268713697101020          2.2109184536046769          3.8527741136587110     
   2.4903663739131616          6.0633771592216590          4.7758310675975508     
   5.7986470793060789         0.46665971522543259          3.9256856389164341     
   7.0239316234928992          1.6669927798139952          1.5463987679735283     
  0.67274192269610467          5.2893315805172278          5.3405123928656622     
   3.7391749510179579          1.9789205190938901          5.3791417674849527     
   2.8602679135944982          1.5167774470260156          1.7584034373020359     
   3.2966808987839613          3.5491857630021286          6.5101679701498369     
   7.3874583160679776          3.3603536719165277         0.25885988567608820     
   3.9594649390197674         0.23917301687720283          5.6936360270586874     
   4.4721255653826120          6.2206666438027014          2.4914585869033772     
   1.7544004586695792          4.0558986948637994          3.2552705264024553     
   3.0508807083671172          7.4637077595730261          7.3093795059209015     
   6.4296073492972710          6.5579964455976096          2.3555862095215616     
   1.1217604155647223          7.5413720334366872          4.8344933586957950     
   3.5384222382866710          7.0448332638353577          5.2219135621805890     
   6.1640878481115351          4.0937440552079352          4.3301450859812576     
   1.2035970872375401          7.1456430809669200          6.2088938133537113     
   1.1748553041435343         0.31050569959461427          2.5975528404826491     
  0.83169315707414171         0.72978211529402870          3.9216790556206433     
  0.16937051374509338          4.2445505527826981          6.4775764066150714     
   3.9075794149895273          5.0990864614046814          5.5726923628748182     
   5.2800279444520584         0.17235337265401540          1.4513059468897609     
   5.0723741037677428          2.6146263283643520         0.50112209903056737     
   1.0637037079065976          6.9632110696309155          1.6756169368406972     
   2.8734862140404402          4.4300014696609651          1.2648042706496199     
  0.19911439324596358          5.2245882223744502          5.7629591099673689     
   5.3951987403064550         0.58453400858036275          4.4586783688149580     
   6.9963649606457921          7.0280751839953837          3.2539674406071981     
   3.8248902404382079          6.2839014503401813          6.9489888704464420     
   4.5480956474792720          5.4718609177632516          3.9259379653498172     
   3.7103430513406011          1.2202542365041609          7.3789711362479693     
   4.3418908814552424          2.0656487189110067          4.0173378088478557     
   5.2807687027672046          5.0425761543168619         0.73654266137702962     
   3.3361177179900778          1.1431270574772725          3.7969577042626952     
   5.5287641331544819         0.23930819175222950         0.39019759658367548     
   3.9465512326255521          2.4239035913600446         0.26503287163563982     
   1.8531592223640700         0.81023279391490632          2.8950601240946980     
   7.0700586978470028          5.8361824386034868          3.8791584469322515     
   3.6790780039127640          4.9146574665816161          5.2689580233532070     
