   0.0000000000000000          0.0000000000000000          0.0000000000000000     
   0.0000000000000000          0.0000000000000000          1.2599210585704359     
   0.0000000000000000          0.0000000000000000          2.5198421171408718     
   0.0000000000000000          0.0000000000000000          3.7797631757113073     
   0.0000000000000000          0.0000000000000000          5.0396842342817436     
   0.0000000000000000          0.0000000000000000          6.2996052928521795     
   0.0000000000000000          1.2599210585704359          0.0000000000000000     
   0.0000000000000000          1.2599210585704359          1.2599210585704359     
   0.0000000000000000          1.2599210585704359          2.5198421171408718     
   0.0000000000000000          1.2599210585704359          3.7797631757113073     
   0.0000000000000000          1.2599210585704359          5.0396842342817436     
   0.0000000000000000          1.2599210585704359          6.2996052928521795     
   0.0000000000000000          2.5198421171408718          0.0000000000000000     
   0.0000000000000000          2.5198421171408718          1.2599210585704359     
   0.0000000000000000          2.5198421171408718          2.5198421171408718     
   0.0000000000000000          2.5198421171408718          3.7797631757113073     
   0.0000000000000000          2.5198421171408718          5.0396842342817436     
   0.0000000000000000          2.5198421171408718          6.2996052928521795     
   0.0000000000000000          3.7797631757113073          0.0000000000000000     
   0.0000000000000000          3.7797631757113073          1.2599210585704359     
   0.0000000000000000          3.7797631757113073          2.5198421171408718     
   0.0000000000000000          3.7797631757113073          3.7797631757113073     
   0.0000000000000000          3.7797631757113073          5.0396842342817436     
   0.0000000000000000          3.7797631757113073          6.2996052928521795     
   0.0000000000000000          5.0396842342817436          0.0000000000000000     
   0.0000000000000000          5.0396842342817436          1.2599210585704359     
   0.0000000000000000          5.0396842342817436          2.5198421171408718     
   0.0000000000000000          5.0396842342817436          3.7797631757113073     
   0.0000000000000000          5.0396842342817436          5.0396842342817436     
   0.0000000000000000          5.0396842342817436          6.2996052928521795     
   0.0000000000000000          6.2996052928521795          0.0000000000000000     
   0.0000000000000000          6.2996052928521795          1.2599210585704359     
   0.0000000000000000          6.2996052928521795          2.5198421171408718     
   0.0000000000000000          6.2996052928521795          3.7797631757113073     
   0.0000000000000000          6.2996052928521795          5.0396842342817436     
   0.0000000000000000          6.2996052928521795          6.2996052928521795     
   1.2599210585704359          0.0000000000000000          0.0000000000000000     
   1.2599210585704359          0.0000000000000000          1.2599210585704359     
   1.2599210585704359          0.0000000000000000          2.5198421171408718     
   1.2599210585704359          0.0000000000000000          3.7797631757113073     
   1.2599210585704359          0.0000000000000000          5.0396842342817436     
   1.2599210585704359          0.0000000000000000          6.2996052928521795     
   1.2599210585704359          1.2599210585704359          0.0000000000000000     
   1.2599210585704359          1.2599210585704359          1.2599210585704359     
   1.2599210585704359          1.2599210585704359          2.5198421171408718     
   1.2599210585704359          1.2599210585704359          3.7797631757113073     
   1.2599210585704359          1.2599210585704359          5.0396842342817436     
   1.2599210585704359          1.2599210585704359          6.2996052928521795     
   1.2599210585704359          2.5198421171408718          0.0000000000000000     
   1.2599210585704359          2.5198421171408718          1.2599210585704359     
   1.2599210585704359          2.5198421171408718          2.5198421171408718     
   1.2599210585704359          2.5198421171408718          3.7797631757113073     
   1.2599210585704359          2.5198421171408718          5.0396842342817436     
   1.2599210585704359          2.5198421171408718          6.2996052928521795     
   1.2599210585704359          3.7797631757113073          0.0000000000000000     
   1.2599210585704359          3.7797631757113073          1.2599210585704359     
   1.2599210585704359          3.7797631757113073          2.5198421171408718     
   1.2599210585704359          3.7797631757113073          3.7797631757113073     
   1.2599210585704359          3.7797631757113073          5.0396842342817436     
   1.2599210585704359          3.7797631757113073          6.2996052928521795     
   1.2599210585704359          5.0396842342817436          0.0000000000000000     
   1.2599210585704359          5.0396842342817436          1.2599210585704359     
   1.2599210585704359          5.0396842342817436          2.5198421171408718     
   1.2599210585704359          5.0396842342817436          3.7797631757113073     
   1.2599210585704359          5.0396842342817436          5.0396842342817436     
   1.2599210585704359          5.0396842342817436          6.2996052928521795     
   1.2599210585704359          6.2996052928521795          0.0000000000000000     
   1.2599210585704359          6.2996052928521795          1.2599210585704359     
   1.2599210585704359          6.2996052928521795          2.5198421171408718     
   1.2599210585704359          6.2996052928521795          3.7797631757113073     
   1.2599210585704359          6.2996052928521795          5.0396842342817436     
   1.2599210585704359          6.2996052928521795          6.2996052928521795     
   2.5198421171408718          0.0000000000000000          0.0000000000000000     
   2.5198421171408718          0.0000000000000000          1.2599210585704359     
   2.5198421171408718          0.0000000000000000          2.5198421171408718     
   2.5198421171408718          0.0000000000000000          3.7797631757113073     
   2.5198421171408718          0.0000000000000000          5.0396842342817436     
   2.5198421171408718          0.0000000000000000          6.2996052928521795     
   2.5198421171408718          1.2599210585704359          0.0000000000000000     
   2.5198421171408718          1.2599210585704359          1.2599210585704359     
   2.5198421171408718          1.2599210585704359          2.5198421171408718     
   2.5198421171408718          1.2599210585704359          3.7797631757113073     
   2.5198421171408718          1.2599210585704359          5.0396842342817436     
   2.5198421171408718          1.2599210585704359          6.2996052928521795     
   2.5198421171408718          2.5198421171408718          0.0000000000000000     
   2.5198421171408718          2.5198421171408718          1.2599210585704359     
   2.5198421171408718          2.5198421171408718          2.5198421171408718     
   2.5198421171408718          2.5198421171408718          3.7797631757113073     
   2.5198421171408718          2.5198421171408718          5.0396842342817436     
   2.5198421171408718          2.5198421171408718          6.2996052928521795     
   2.5198421171408718          3.7797631757113073          0.0000000000000000     
   2.5198421171408718          3.7797631757113073          1.2599210585704359     
   2.5198421171408718          3.7797631757113073          2.5198421171408718     
   2.5198421171408718          3.7797631757113073          3.7797631757113073     
   2.5198421171408718          3.7797631757113073          5.0396842342817436     
   2.5198421171408718          3.7797631757113073          6.2996052928521795     
   2.5198421171408718          5.0396842342817436          0.0000000000000000     
   2.5198421171408718          5.0396842342817436          1.2599210585704359     
   2.5198421171408718          5.0396842342817436          2.5198421171408718     
   2.5198421171408718          5.0396842342817436          3.7797631757113073     
   2.5198421171408718          5.0396842342817436          5.0396842342817436     
   2.5198421171408718          5.0396842342817436          6.2996052928521795     
   2.5198421171408718          6.2996052928521795          0.0000000000000000     
   2.5198421171408718          6.2996052928521795          1.2599210585704359     
   2.5198421171408718          6.2996052928521795          2.5198421171408718     
   2.5198421171408718          6.2996052928521795          3.7797631757113073     
   2.5198421171408718          6.2996052928521795          5.0396842342817436     
   2.5198421171408718          6.2996052928521795          6.2996052928521795     
   3.7797631757113073          0.0000000000000000          0.0000000000000000     
   3.7797631757113073          0.0000000000000000          1.2599210585704359     
   3.7797631757113073          0.0000000000000000          2.5198421171408718     
   3.7797631757113073          0.0000000000000000          3.7797631757113073     
   3.7797631757113073          0.0000000000000000          5.0396842342817436     
   3.7797631757113073          0.0000000000000000          6.2996052928521795     
   3.7797631757113073          1.2599210585704359          0.0000000000000000     
   3.7797631757113073          1.2599210585704359          1.2599210585704359     
   3.7797631757113073          1.2599210585704359          2.5198421171408718     
   3.7797631757113073          1.2599210585704359          3.7797631757113073     
   3.7797631757113073          1.2599210585704359          5.0396842342817436     
   3.7797631757113073          1.2599210585704359          6.2996052928521795     
   3.7797631757113073          2.5198421171408718          0.0000000000000000     
   3.7797631757113073          2.5198421171408718          1.2599210585704359     
   3.7797631757113073          2.5198421171408718          2.5198421171408718     
   3.7797631757113073          2.5198421171408718          3.7797631757113073     
   3.7797631757113073          2.5198421171408718          5.0396842342817436     
   3.7797631757113073          2.5198421171408718          6.2996052928521795     
   3.7797631757113073          3.7797631757113073          0.0000000000000000     
   3.7797631757113073          3.7797631757113073          1.2599210585704359     
   3.7797631757113073          3.7797631757113073          2.5198421171408718     
   3.7797631757113073          3.7797631757113073          3.7797631757113073     
   3.7797631757113073          3.7797631757113073          5.0396842342817436     
   3.7797631757113073          3.7797631757113073          6.2996052928521795     
   3.7797631757113073          5.0396842342817436          0.0000000000000000     
   3.7797631757113073          5.0396842342817436          1.2599210585704359     
   3.7797631757113073          5.0396842342817436          2.5198421171408718     
   3.7797631757113073          5.0396842342817436          3.7797631757113073     
   3.7797631757113073          5.0396842342817436          5.0396842342817436     
   3.7797631757113073          5.0396842342817436          6.2996052928521795     
   3.7797631757113073          6.2996052928521795          0.0000000000000000     
   3.7797631757113073          6.2996052928521795          1.2599210585704359     
   3.7797631757113073          6.2996052928521795          2.5198421171408718     
   3.7797631757113073          6.2996052928521795          3.7797631757113073     
   3.7797631757113073          6.2996052928521795          5.0396842342817436     
   3.7797631757113073          6.2996052928521795          6.2996052928521795     
   5.0396842342817436          0.0000000000000000          0.0000000000000000     
   5.0396842342817436          0.0000000000000000          1.2599210585704359     
   5.0396842342817436          0.0000000000000000          2.5198421171408718     
   5.0396842342817436          0.0000000000000000          3.7797631757113073     
   5.0396842342817436          0.0000000000000000          5.0396842342817436     
   5.0396842342817436          0.0000000000000000          6.2996052928521795     
   5.0396842342817436          1.2599210585704359          0.0000000000000000     
   5.0396842342817436          1.2599210585704359          1.2599210585704359     
   5.0396842342817436          1.2599210585704359          2.5198421171408718     
   5.0396842342817436          1.2599210585704359          3.7797631757113073     
   5.0396842342817436          1.2599210585704359          5.0396842342817436     
   5.0396842342817436          1.2599210585704359          6.2996052928521795     
   5.0396842342817436          2.5198421171408718          0.0000000000000000     
   5.0396842342817436          2.5198421171408718          1.2599210585704359     
   5.0396842342817436          2.5198421171408718          2.5198421171408718     
   5.0396842342817436          2.5198421171408718          3.7797631757113073     
   5.0396842342817436          2.5198421171408718          5.0396842342817436     
   5.0396842342817436          2.5198421171408718          6.2996052928521795     
   5.0396842342817436          3.7797631757113073          0.0000000000000000     
   5.0396842342817436          3.7797631757113073          1.2599210585704359     
   5.0396842342817436          3.7797631757113073          2.5198421171408718     
   5.0396842342817436          3.7797631757113073          3.7797631757113073     
   5.0396842342817436          3.7797631757113073          5.0396842342817436     
   5.0396842342817436          3.7797631757113073          6.2996052928521795     
   5.0396842342817436          5.0396842342817436          0.0000000000000000     
   5.0396842342817436          5.0396842342817436          1.2599210585704359     
   5.0396842342817436          5.0396842342817436          2.5198421171408718     
   5.0396842342817436          5.0396842342817436          3.7797631757113073     
   5.0396842342817436          5.0396842342817436          5.0396842342817436     
   5.0396842342817436          5.0396842342817436          6.2996052928521795     
   5.0396842342817436          6.2996052928521795          0.0000000000000000     
   5.0396842342817436          6.2996052928521795          1.2599210585704359     
   5.0396842342817436          6.2996052928521795          2.5198421171408718     
   5.0396842342817436          6.2996052928521795          3.7797631757113073     
   5.0396842342817436          6.2996052928521795          5.0396842342817436     
   5.0396842342817436          6.2996052928521795          6.2996052928521795     
   6.2996052928521795          0.0000000000000000          0.0000000000000000     
   6.2996052928521795          0.0000000000000000          1.2599210585704359     
   6.2996052928521795          0.0000000000000000          2.5198421171408718     
   6.2996052928521795          0.0000000000000000          3.7797631757113073     
   6.2996052928521795          0.0000000000000000          5.0396842342817436     
   6.2996052928521795          0.0000000000000000          6.2996052928521795     
   6.2996052928521795          1.2599210585704359          0.0000000000000000     
   6.2996052928521795          1.2599210585704359          1.2599210585704359     
   6.2996052928521795          1.2599210585704359          2.5198421171408718     
   6.2996052928521795          1.2599210585704359          3.7797631757113073     
   6.2996052928521795          1.2599210585704359          5.0396842342817436     
   6.2996052928521795          1.2599210585704359          6.2996052928521795     
   6.2996052928521795          2.5198421171408718          0.0000000000000000     
   6.2996052928521795          2.5198421171408718          1.2599210585704359     
   6.2996052928521795          2.5198421171408718          2.5198421171408718     
   6.2996052928521795          2.5198421171408718          3.7797631757113073     
   6.2996052928521795          2.5198421171408718          5.0396842342817436     
   6.2996052928521795          2.5198421171408718          6.2996052928521795     
   6.2996052928521795          3.7797631757113073          0.0000000000000000     
   6.2996052928521795          3.7797631757113073          1.2599210585704359     
   6.2996052928521795          3.7797631757113073          2.5198421171408718     
   6.2996052928521795          3.7797631757113073          3.7797631757113073     
   6.2996052928521795          3.7797631757113073          5.0396842342817436     
   6.2996052928521795          3.7797631757113073          6.2996052928521795     
   6.2996052928521795          5.0396842342817436          0.0000000000000000     
   6.2996052928521795          5.0396842342817436          1.2599210585704359     
   6.2996052928521795          5.0396842342817436          2.5198421171408718     
   6.2996052928521795          5.0396842342817436          3.7797631757113073     
   6.2996052928521795          5.0396842342817436          5.0396842342817436     
   6.2996052928521795          5.0396842342817436          6.2996052928521795     
   6.2996052928521795          6.2996052928521795          0.0000000000000000     
   6.2996052928521795          6.2996052928521795          1.2599210585704359     
   6.2996052928521795          6.2996052928521795          2.5198421171408718     
   6.2996052928521795          6.2996052928521795          3.7797631757113073     
   6.2996052928521795          6.2996052928521795          5.0396842342817436     
   6.2996052928521795          6.2996052928521795          6.2996052928521795     
