   2606.7413055301454     
   2606.0403215058168     
   2605.1896209490151     
   2605.1896025436390     
   2605.1594836774725     
   2605.1571420217347     
   2605.1174870461959     
   2605.0681260993492     
   2604.1780318448027     
   2603.8972760505471     
   2606.6018249921399     
   2606.5951716795425     
   2606.5950097298105     
   2606.5540615574951     
   2606.5540241058347     
   2606.5532719742891     
   2606.5532432484029     
   2606.0853609271062     
   2605.6201975028234     
   2605.5868310737796     
   2605.5867957530286     
   2901.2082053472900     
   2901.1270327344196     
   2901.1139699052078     
   2901.1117002023566     
   2900.9454897420387     
   2900.9451650194032     
   9345.3815373778089     
   9344.7616263172640     
   9344.6588313412685     
   9344.6397181296743     
   9344.5821200356932     
   9344.5539372998210     
   9344.5503615301404     
   9344.5496336022698     
   9344.5344813245702     
   9344.5339658383964     
   9386.9339786479431     
   9386.9336184141666     
   9386.8972456555111     
   9386.0328784723079     
   9385.9838891197087     
   9385.9837813610466     
   9387.8050373865990     
   9387.6778475847877     
   9387.5485795801433     
   9387.3739482712535     
   9387.3739124586427     
   9478.7406681215944     
   9478.7298230305223     
   9478.7282537582250     
   9478.7279669349464     
   9510.7792317096355     
   9510.7755834062318     
   9510.7671952015498     
   9510.5981617853322     
   9510.5840711635483     
   9510.2791992082293     
   9510.2778001644601     
   9580.4892825991628     
   9580.4610415392654     
   9580.4610239019348     
   9580.4297916810738     
   9580.3198038391292     
   9579.9540786201633     
   9579.7531231446937     
   9579.7499509261652     
   9579.4116388052535     
   9579.4112535521472     
   9579.1024114320371     
   9579.0984921705058     
   9579.0887647614418     
   9578.9306434668724     
   9578.7368161337545     
   9578.7276799617248     
   9578.7197684706935     
   9578.7169863035360     
   9578.7156801824913     
   189758.73693432412     
   189758.72935828313     
   189758.72910921162     
   189758.57064304475     
   190365.20662866562     
   190365.07922302387     
   190367.56278880080     
   190367.45794425203     
   190367.45218080078     
   190367.14564776325     
   190367.14177293336     
   190378.61227636907     
   190380.06611601665     
   190615.54460776201     
   190615.51753488698     
   190615.51320331043     
   190615.51304651002     
   190615.50436196037     
   190615.49308823919     
   190615.49308510532     
   190615.33129764310     
   190615.27633776760     
   190615.27279386285     
   190614.50239631717     
   190614.48429314178     
   190614.48393312184     
   190614.47953387364     
   190614.47792209202     
   190614.28387096181     
   190614.28159196363     
   190614.32814165394     
   190614.15984744052     
   190613.89921018298     
   190613.68514487773     
   190612.84552236224     
   190612.58453032302     
   190612.58110611708     
   190612.55507620677     
   190612.26561107906     
   190612.25168955661     
   190611.61125815220     
   190611.49484953281     
   206147.90431675577     
   206147.64941070980     
   206147.52519076841     
   206176.04990377568     
   206176.04933577628     
   206176.04839924528     
   206175.99921400900     
   206175.92504877309     
   206175.92356462855     
   206175.91973711614     
   206175.91973554640     
   206175.86398693395     
   206175.83094077063     
   206175.79856790873     
   206175.79665047594     
   206175.47232754104     
   206273.30387774398     
   206272.99276809537     
   206272.69788127256     
   206272.68568304798     
   206272.23199532888     
   206271.47796556968     
   206271.01467856221     
   206270.99766702196     
   206270.94791094333     
   206270.92030298480     
   206270.91991315497     
   206270.91603392732     
   206270.91601416288     
   206270.91512435870     
   206270.89878172806     
   206270.89811440356     
   206270.89197956919     
   206270.55818382750     
   206399.11344973976     
   206399.08953894302     
   206399.08949933210     
   206398.89521692696     
   206398.86440445832     
   206398.83299512084     
   206398.72743659411     
   206398.67681441104     
   206397.78709954955     
   206397.76316060417     
   206397.74356880778     
   206397.66416077071     
   206397.25341420955     
   206396.92095049107     
   206396.92000278548     
   206396.85805217718     
   206399.94729969674     
   206401.03171150450     
   206400.88940730438     
   206400.87012387265     
   206400.86687446912     
   206400.86203398922     
   206400.85897423775     
   206400.83762879117     
   206400.83726727779     
   206400.80186202438     
   206400.34881573485     
   206400.33036055323     
   206400.32813671668     
   206400.22246959238     
   206400.20582665617     
   206399.62658051864     
   206399.60765473981     
   206399.59928629504     
   206399.59747316898     
   206411.67658155301     
   206411.57773948807     
   206411.49819778814     
   206411.48205604567     
   206411.46030940276     
   206411.46015808062     
   206411.45573009716     
   206411.44906977849     
   206411.35439832046     
   2062691.2528607992     
   2062691.2524016770     
   2062691.2000160711     
   2062691.1007863579     
   2062691.1007863486     
   2062691.1000636558     
   2062691.0365443241     
   2062691.0304143764     
   2062691.0274904449     
   2062690.9964013724     
   2062690.0667748176     
   2062689.9888140005     
   2062689.9810038577     
   2062689.5906733361     
   2062689.5693028141     
   2062689.2542485215     
   2062689.2271628925     
   2062688.7416317090     
   2064075.2968427530     
   2064075.2931197353     
   2064075.2930793534     
   2064075.2876017611     
   2064075.2827207865     
   2064075.2802785512     
   2064075.2721089444     
   2095776.3724291446     
   2095776.1416577105     
   2095776.1341623149     
   2095776.1326762997     
   2095776.0552293207     
   2095775.9724016478     
   2095775.8323216562     
   2113824.5354490178     
   2113824.1930515952     
   2113824.1838686150     
   2113824.1645412990     
   2113824.1511337566     
   2113824.1479929970     
   2113823.7406130116     
   2113823.7395512131     
   2113823.7349970443     
   2113823.7349908832     
   2113823.7348607639     
   2113823.6257174332     
   2113823.6247446458     
   2113825.4036009661     
   2113825.0327279889     
   2113827.2907136385     
   2113826.4774567746     
   2113826.4770967625     
   2113826.1825306788     
   2128505.6633619992     
   2128505.4488000963     
   2128505.4474708368     
   2128504.9671515115     
   2128504.6497827722     
   2128504.6278394209     
   2128504.6162544712     
   2128504.6161076529     
   2128504.5904756170     
   2128504.5759339677     
   2128504.5713736848     
   2128504.5620468482     
   2128504.5331480317     
   2128503.8224056456     
   2128503.8172869342     
   2128503.7768203607     
   2128503.5523271263     
   2128503.5521739614     
   2128503.5495264614     
   2128503.5265667671     
   2128503.5202986784     
   2128503.4795635869     
   2128503.4685782553     
   2128503.4680103888     
   2128503.4679022999     
   2128503.4604327050     
   2128503.4511659364     
   2128503.4477736186     
   2128503.4429655457     
   2128503.4429225759     
   2128503.4274304351     
   2128645.5712323394     
   2128645.5303601241     
   2128644.6177859539     
   2128644.6177513148     
   2128644.6165035842     
   2128644.6162598091     
   2128644.6162513378     
   2128644.5793038621     
   2128643.6747415662     
   2128642.7498472054     
   2128642.7101429938     
   2128642.6486451328     
   2128642.6485752156     
   2128642.5257249591     
   2128642.5099104205     
   2128642.4473936171     
   2128642.4419072606     
   2128642.3649722999     
   2128642.3565550577     
   2128641.4676490864     
   2128641.4220033521     
   2128641.4209714187     
   2128641.4093127716     
   2128641.3431404685     
   2128641.3383843717     
   2128645.4149270402     
   2128645.3977213535     
   2128645.3961363602     
   2128645.3528548055     
   2128644.4416710930     
   2128644.2155384519     
   2128644.1179726054     
   2128643.9324633405     
   2128643.9324393086     
   2128643.9079317464     
   2128643.7553566699     
   2128643.7496679374     
   2128643.7320831819     
   2128643.5830410910     
   2128643.5829682043     
   2128643.5782887884     
   2128643.5408435240     
   2128643.5180703499     
   2128643.5163528910     
   2128643.9139497303     
   2128643.9029532522     
   2128643.8314306284     
   2128643.8215363976     
   2128643.7793156356     
   2128643.7208387107     
   2128643.6881076228     
   2128644.2585572340     
   2128644.2388408286     
   2128644.2380311745     
   2128643.4590389440     
   2128643.0229346892     
   2128642.9754358088     
   2128642.9741896628     
   2128642.9575290028     
   2128642.9573675729     
   2128642.8913985342     
   2128642.7989366511     
   2128642.7917592162     
   2128642.7874555499     
   2128642.7770955809     
   2128642.6037770300     
   2128642.4967438024     
   2128642.4392144931     
   2128642.4299017065     
   2128642.3778314511     
   2128642.1459636851     
   2128642.1001784732     
   2128650.3731122050     
   2128650.3651321051     
   2128650.3651302997     
   2128650.3650374501     
   2128650.3489716756     
   2128650.3345150696     
   2128650.3214558209     
   2128650.1273144707     
   2128650.0879500112     
   2128650.0875311648     
   2128650.0803545616     
   2128650.0078997184     
   2128650.0077478765     
   2128649.9234200134     
   2128649.8787175389     
   2128649.7443159814     
   2128649.7432845617     
   2128649.7077680486     
   2128649.6947970176     
   2128649.6494282004     
   2129196.9364070860     
   2129196.9225628790     
   2129196.8822264154     
   2129196.5295098592     
   2129196.5249632336     
   2129196.5222503301     
   2129196.4674742832     
   2129196.4098689654     
   2129196.3546534581     
   2129196.3463922660     
   2129196.3057852131     
   2129196.3008882659     
   2129196.1818177197     
   2551433.4787532208     
   2551433.4003385920     
   2551433.4001037451     
   2551432.6026045000     
   2551432.5925503084     
   2551432.4997922424     
   2551432.1200311324     
   2551432.1199642099     
   2551432.1129039968     
   2551431.3750550956     
   2551430.4795999383     
   2551430.4753811751     
   2551430.4720740579     
   2551430.4709952064     
   2551430.1069968105     
   2551430.1069843317     
   2551429.8574671233     
   2551429.8547426970     
   2551429.8396410765     
   2551429.8365270444     
   2563454.8055392234     
   2563454.7845556545     
   2563519.3439565315     
   2563519.3366709491     
   2563519.3364651524     
   2563519.3345067482     
   2563519.3344837395     
   2563519.3314771075     
   2563519.3314685379     
   2563519.3305414757     
   2563519.2517169290     
   2563519.2083531469     
   2563555.4669093811     
   2563555.4663821911     
   2564115.5691382736     
   2564115.5654932144     
   2564115.5271890699     
   2564115.4998668707     
   2564115.4724039384     
   2564114.5589485983     
   2564114.1018280662     
   2564114.0989234936     
   2564114.0575875626     
   2564114.0520987995     
   2564114.0477145920     
   2564114.0267137852     
   2564114.0255214414     
   2564114.0254267808     
   2564114.0218050880     
   2564114.0085311742     
   2564113.8799555330     
   2564113.0488965036     
   2564113.0337299458     
   2564113.0306729074     
   2564113.0217703036     
   2564112.5446060840     
   2564112.5335168126     
   2564112.5294782193     
   2564112.1345218262     
   2564111.9266828443     
   2564111.5965830139     
   2564111.5627741446     
   2564444.3559395401     
   2564443.4737225799     
   2564443.4689443829     
   2564443.4689314277     
   2564443.1699058772     
   2564443.1653107242     
   2564853.9196062065     
   2564853.9195770421     
   2564853.9195639174     
   2564853.9152392801     
   2564853.0587583100     
   2564853.0175880198     
   2564852.9801138905     
   2564852.9637775538     
   2564852.1449960833     
   2564851.7895115735     
   2564851.6737099350     
   2564851.3674535370     
   2564851.3458222314     
   2564851.1008573915     
   2564851.1008570902     
   2564850.9220978748     
   2564850.9086959632     
   2564850.9058625274     
   2564850.9058086583     
   2564850.8973581744     
   2564850.5696147899     
   2564850.5638572155     
   2564850.5623251130     
   2564850.5211322815     
   2564850.4382104017     
   2564850.4356318475     
   2564850.3457329110     
   2564850.3447999046     
   2564850.3186657368     
   2564850.0399906789     
   2564850.0048598032     
   2564849.9657120393     
   2564849.9656815911     
   2564849.9447184936     
   2564849.9258546871     
   2564849.8741627093     
   2564849.8741073711     
   2564849.8446539682     
   2564849.8405965725     
   2564849.6352833183     
   2564849.5732011846     
   2564849.5425585858     
   2564849.5421642447     
   2564849.5251701842     
   2564863.2865281766     
   2564863.2860671072     
   2564863.2833405631     
   2564863.2815270210     
   2564863.2663657009     
   2564863.2132770144     
   2564863.1791432295     
   2564863.1707490385     
   2564862.7601010567     
   2564862.7390381549     
   2564862.7178268926     
   2564862.7177947364     
   2564862.5981938117     
   2564862.5707149343     
   2564862.5578504144     
   2564862.1220330847     
   2564862.1011471460     
   2564861.5546598132     
   2564861.2604340944     
   2564861.2596597089     
   2564861.2537226346     
   2564860.5705893873     
   2564860.5661514723     
   2564860.5659814924     
   2564860.5177110848     
   2564860.5130564636     
   2564860.5017285342     
   2564860.4710089630     
   2564860.3551262277     
   2564860.3481962108     
   2564860.3477783990     
   2564860.3189798207     
   2565114.1076160772     
   2565115.0557588832     
   2565115.0426389785     
   2565115.0075526638     
   2565115.0060522095     
   2565115.0060479040     
   2565114.9925269666     
   2565114.9625984025     
   2565114.9060877915     
   2565872.7431119438     
   2565872.0303811990     
   2565871.9988669450     
   2565871.9944415260     
   2565871.8099144553     
   2565871.8067352935     
   2565871.7988709882     
   2565871.7220290913     
   2565871.7186895409     
   2565871.4574927753     
   2565871.4571507024     
   2565871.4078573221     
   2565870.7989972350     
   2565875.8450532239     
   2565875.8233851893     
   2565875.7498664577     
   2565875.7370963502     
   2565875.7278523208     
   2565875.6953137303     
   2565875.6693152208     
   2565875.6626986484     
   2565875.6619034722     
   2565875.4588724487     
   2565875.3022415633     
   2565875.2652985617     
   2565875.2652948690     
   2565875.2561366460     
   2565875.2427140200     
   2687090.7909300542     
   2687090.6712434343     
   2687918.5920976135     
   2687918.5919984411     
   2687918.5916953450     
   2687918.5900973650     
   2687918.5765906796     
   2687918.3818237176     
   2687918.3762524086     
   2687918.3650725852     
   2687919.0412141993     
   2687918.8557577296     
   2687918.8557268176     
   2687918.0481666285     
   2687917.9860760476     
   2687917.9841976953     
   2687917.9804302184     
   2687917.9596864167     
   2687917.1878354889     
   2687916.9671866931     
   2687916.9626547480     
   2687916.9626454976     
   2687935.8402555701     
   2687935.8192464849     
   2688239.5914456211     
   2688239.5760004846     
   2688239.5651995302     
   2688239.4976679659     
   2688239.1164622358     
   2688239.1158953859     
   2688239.1011642776     
   2688238.8686388982     
   2688238.8562868061     
   2688238.7932754015     
   2688238.7836577897     
   2688238.7830911102     
   2688238.7662176057     
   2688238.7642553253     
   2688238.7548959865     
   2688238.2310846928     
   2688238.2186555970     
   2688238.2096387437     
   2688238.2066487963     
   2688237.3936300753     
   2688237.3532367311     
   2688236.4234418473     
   2688236.2603191044     
   2688236.2229022537     
   2688236.1987064024     
   2688236.1986288056     
   2688236.1972732153     
   2688236.1299289828     
   2688235.8605816043     
   2688235.0471830661     
   2688241.8956500096     
   2688241.7121688905     
   2688241.7101453417     
   2688241.6183686526     
   2688241.5057804598     
   2688241.4647266516     
   2688241.3672215440     
   2688241.2950073071     
   2688241.0818211385     
   2688240.6082280357     
   2688240.5867212014     
   2688240.5840361319     
   2688240.4723885371     
   2688240.4412097558     
   2688240.4326599361     
   2688240.4276695661     
   2688240.0272376565     
   2688240.0251706084     
   2688239.8006278034     
   2688243.7432130803     
   2688243.7430581520     
   2688243.7428289736     
   2688243.5260098125     
   2688243.4449353651     
   2688243.4447621102     
   2688243.2081705285     
   2688243.2062259698     
   2688243.2016263371     
   2688243.1842065151     
   2688243.1252028984     
   2688243.0811654278     
   2688242.6953143198     
   2688242.6951246220     
   2688242.6950293928     
   2688242.6950098453     
   2688242.1190511966     
   2688241.9897113349     
   2688241.9169554738     
   2688241.6325739897     
   2688241.6120117381     
   2688241.5954315257     
   2688241.5954299080     
   2688241.5862139049     
   2688241.5839137798     
   2688241.5791228618     
   2688241.2161383512     
   2688241.2116224980     
   2688241.1888145418     
   2688241.1377214505     
   2688241.1360081951     
   2688240.9969678652     
   2688240.9901530435     
   2688240.9866337152     
   2688337.3036442893     
   2688337.2933635684     
   2688337.2910995772     
   2688337.2892912407     
   2688336.6995593486     
   4741953.4386402955     
   4741953.4358193213     
   4741953.3974564001     
   4743554.9863461936     
   4743554.9816798344     
   4743554.9755598614     
   4743554.9672209751     
   4743554.9666123670     
   4743554.0366873834     
   4743564.7284515891     
   4743564.6381295361     
   4743564.6332143182     
   4743563.9862696985     
   4743563.9860461382     
   4743563.9249102427     
   4743563.9216694562     
   4743563.8809195179     
   4743564.0876974845     
   4743564.0842603492     
   4743564.0840752525     
   4743564.0833416786     
   4743563.8810076257     
   4743563.7271265686     
   4743563.6703842878     
   4743563.6702818312     
   4743563.6694089612     
   4743563.6377940504     
   4743563.6345787654     
   4743563.6329790298     
   4743563.4381215516     
   4743563.3370808139     
   4743563.3347700136     
   4743563.3325698404     
   4743563.2011718554     
   4743563.1058663940     
   4743563.0954438820     
   4743563.0874904022     
   4743562.2138719456     
   4743561.8192290254     
   4743561.8189987335     
   4743561.4081444154     
   4743561.3201874411     
   4743561.2185454303     
   4743561.0947418055     
   4743560.3388677258     
   4743559.8031977946     
   4743559.6198213007     
   4743559.7189960778     
   4743558.9178509675     
   4743558.5583422147     
   4743558.5133900344     
   4743558.5126409000     
   4743558.4765829891     
   4743558.4269579723     
   4743558.4195565060     
   4743558.3641973669     
   4743558.3629901437     
   4743558.3106288202     
   4743558.3096120097     
   4743557.7808795897     
   4743557.6409706650     
   4745542.7853401015     
   4745542.7681145314     
   4745542.7628857763     
   4745542.7323806910     
   4745542.7322128275     
   4745542.1545562698     
   4745541.5349358199     
   4745541.5339695839     
   4745541.4900385644     
   4745541.4776102081     
   4745541.3859334299     
   4745541.1556529915     
   4745540.4229661748     
   4745539.6568833459     
   4745539.6145631904     
   4745539.5948381880     
   4745539.5928516127     
   4745539.5660785902     
   4745539.5660678735     
   4745539.5653172461     
   4745539.5653078556     
   4745555.8338519651     
   4745555.8243856197     
   4745555.2911742534     
   4745555.2097343989     
   4745555.1981901461     
   4745555.1907673618     
   4745555.1099575004     
   4745555.1093951045     
   4745555.1093909703     
   4745555.0286311228     
   4745554.8808591198     
   4745554.5911669889     
   4745554.3181566205     
   4745554.3176947776     
   4745554.3172846846     
   4745554.3137356108     
   4745554.0107242689     
   4745553.7461131494     
   4745553.7202029359     
   4745553.6608939767     
   4745552.9220127780     
   4745552.9213781785     
   4745552.9097676296     
   4940793.3410311770     
   4940793.1856806017     
   4940793.1773442458     
   4940793.0880332012     
   4940793.0871261088     
   4940793.0740738390     
   4940793.0705191223     
   4940793.0700320182     
   5036164.3348167632     
   5036163.4447770547     
   5036163.0824004775     
   5036162.8968968820     
   5036162.8863083255     
   5036162.8732829122     
   5036162.8732568854     
   5036162.8732501734     
   5036162.8574968148     
   5036162.8539997609     
   5036162.8460772885     
   5036162.8171290820     
   5036162.7889857972     
   5036162.7303329231     
   5036162.7274134178     
   5036162.7273830185     
   5036162.6877375012     
   5036161.9492269354     
   5036161.7806955855     
   5036161.6978801377     
   5036161.3829283230     
   5036161.1834737230     
   5036160.5844664462     
   5036160.5667311810     
   5036160.5587560991     
   5036160.5587499086     
   5036160.5587495500     
   5036160.5245468523     
   5043122.2268348457     
   5043122.2265830887     
   5043121.3682496138     
   5043121.2994206594     
   5043121.1881600209     
   5043121.1865544254     
   5043121.1848655278     
   5043121.1763617536     
   5043121.1681066640     
   5043121.1653309586     
   5043121.1640895633     
   5043121.0767805325     
   5043120.6957575148     
   5043120.6243397305     
   5043120.5692842938     
   5043120.5668419255     
   5043120.5650812853     
   5043120.5511703342     
   5043120.5468250262     
   5043119.8550090287     
   5043119.8467945140     
   5043118.9429556839     
   5043118.8815972675     
   5043118.7406824073     
   5043118.7081757281     
   5043118.7012120662     
   5043118.2660299232     
   5043118.0938607370     
   5043118.0757014705     
   5043118.0753350006     
   5043117.6832725406     
   5043116.8024139702     
   5043116.7005475387     
   5043116.7000464769     
   5043116.6443080110     
   5043116.6398429442     
   5043116.6254424024     
   5043116.6172865210     
   5043116.3843357880     
   5044493.4198422572     
   5044492.5168354064     
   5044491.9627975989     
   5044491.9190246873     
   5044491.9187376546     
   5044491.9187365957     
   5044491.1582753146     
   5044491.1498674527     
   5044491.0822872464     
   5044491.0653490378     
   5044491.0653296309     
   5044490.7576706428     
   5044490.7426091824     
   5044490.7418802893     
   5044490.6753349043     
   5044489.9056871068     
   5044489.7058681594     
   5044489.6785750231     
   5044489.6727017676     
   5044489.6678732829     
   5044489.2439510180     
   5044489.2363085384     
   5044488.9450209104     
   5044488.2999951150     
   5044488.2868620809     
   5044488.2178638503     
   5044488.1316348678     
   5044488.1306996914     
   5044492.2565269787     
   5044492.0897163544     
   5044492.0876606349     
   5044492.0798422135     
   5044491.7368072467     
   5044491.7279230189     
   5044491.7131578838     
   5044491.6884331675     
   5044491.6766243968     
   5044490.9363241186     
   5044490.9332028544     
   5044490.8984946711     
   5044490.8731228467     
   5044489.9999306090     
   5044489.9218085920     
   5044489.8800609028     
   5044489.8097640956     
   5044489.7129608821     
   5044489.7128712684     
   5044489.7119497731     
   5044489.7107498730     
   5044489.7034131819     
   5044489.6782590440     
   5044489.6768885376     
   5044488.7471901067     
   5044488.6689705439     
   5044492.3955666991     
   5044492.3887773938     
   5044492.3673575260     
   5044492.3645077562     
   5044492.3447964117     
   5044492.3407339677     
   5044492.2829872575     
   5044492.2822187170     
   5044491.4172856398     
   5044491.2524802247     
   5044491.2270183740     
   5044491.2137241038     
   5044491.1465685023     
   5044491.1382868886     
   5044490.9285265310     
   5044490.9277166426     
   5044490.8687363928     
   5044490.8614980457     
   5044490.8614278315     
   5044490.8539872784     
   5059855.5070734546     
   5059855.5068145460     
   5059855.2563930964     
   5059855.2107026074     
   5059858.6826047068     
   5059858.5571461990     
   5059858.5557992915     
   5059858.4256399032     
   5059858.4211973995     
   5059858.3882504320     
   5059858.3882052777     
   5059858.3843485350     
   5059858.3838509927     
   5059858.1090511447     
   5059857.8263152828     
   5059857.8136071842     
   5059857.7211272651     
   5059857.6592579130     
   5059857.5941227758     
   5059857.5940033821     
   5059857.5939968256     
   5059860.2887877850     
   5059860.2580946963     
   5059860.2083088914     
   5059859.9740985585     
   5059859.1304854117     
   5059859.0360140065     
   5059859.0347933117     
   5059858.8669624785     
   5059858.8663156871     
   5059858.5573198376     
   5059858.5573194437     
   5059857.8527407777     
   5059857.8405879382     
   5059857.7559230132     
   5059857.7407709518     
   5059857.7244400196     
   5059857.4314688612     
   5059857.4285386233     
   5059857.4285383206     
   5059857.4282257771     
   5059857.4282256374     
   5059857.4190616375     
   5059857.3015540680     
   5059885.1532847807     
   5059885.1382971769     
   5059885.1369865285     
   5059885.1234234599     
   5059885.1160835084     
   5059885.0975155495     
   5059884.8204011088     
   5059883.9171229620     
   6581435.0586734451     
   6581435.0131271705     
   6581435.0130187515     
   6581435.0063718269     
   6581435.0062735146     
   6581434.9910248602     
   6581434.9878805922     
   6581434.9772412023     
   6581434.9124775724     
   6581434.6830002591     
   6581437.0149399005     
   6581436.9875869593     
   6581436.9785374319     
   6581436.9000923056     
   6581436.7877981216     
   6581436.7351322779     
   6581436.7037096154     
   6581436.7019607155     
   6581436.7009342946     
   6581436.6995120272     
   6581436.4404298505     
   6581436.4335324904     
   6581436.4065391719     
   6581436.4060242549     
   6581436.1161464090     
   6581436.0495898593     
   6581435.6110646250     
   6581434.7929207273     
   6581434.6068605995     
   6581434.0476904986     
   6581434.0476579377     
   6581434.0300422618     
   6581433.7598102139     
   6581433.7381020626     
   6581433.4848882472     
   6581433.4254398113     
   6581433.4002103424     
   6581433.3859701073     
   6581433.3828985859     
   6581433.3791667018     
   6581432.6678154981     
   6581432.6613967242     
   6581432.6590979686     
   6581432.6391877495     
   6581432.6297690086     
   6581432.6097913384     
   6581432.0634208098     
   6581432.0460375529     
   6581432.0460321456     
   6581432.0392931802     
   6581431.9873244613     
   6581431.8072893629     
   6581431.2813594928     
   6581431.1329689845     
   6581430.9157175617     
   6581430.8420844022     
   6581430.6837791372     
   6581430.6110716723     
   6581430.4845146080     
   6581430.4825361604     
   6581430.4696413418     
   6581430.3922518967     
   6581430.3916457817     
   6581430.3682220336     
   6581430.3681938527     
   6581430.1712150993     
   6581430.1159264222     
   6581429.1889681034     
   6581428.4660201920     
   6581428.3712837454     
   6581428.3550983267     
   6581428.3523592604     
   6581428.3520294735     
   6581428.2573457444     
   6581427.4371760515     
   6581426.5429116879     
   6581426.5386704123     
   6581426.5384566346     
   6581426.3543039374     
   6581426.3280800031     
   6581426.1260872465     
   6581426.1260800017     
   6581425.6506466279     
   6581425.6363725150     
   6581425.6259387890     
   6581433.4316359963     
   6581433.2155941920     
   6581433.2153128907     
   6614464.7699746666     
   6614464.7614065921     
   6614464.7503790678     
   6614464.7274277061     
   6614464.6775532756     
   6614464.4867239473     
   6614464.4858121993     
   6614464.4856970571     
   6614464.3995123571     
   6614464.3772986354     
   6614464.3674740382     
   6614464.3667275226     
   6614464.3091334552     
   6614464.2953564441     
   6614464.2641149154     
   6614463.8589128815     
   6614463.0614287211     
   6614463.0275298944     
   6614463.0237357486     
   6614462.9823329998     
   6614462.9335155962     
   6614471.0182794742     
   6614470.9876800496     
   6614470.9726551501     
   6614493.0665202467     
   6614493.0591770643     
   6614493.0591197489     
   6614493.0555495089     
   6614493.0536144730     
   6614492.9953447348     
   6614492.9948259629     
   6614492.5128394980     
   6614492.5127312364     
   6614492.2077613715     
   6614491.7052512160     
   6614490.8663687836     
   6614490.5859636301     
   6614490.5844790563     
   6614490.1678087395     
   6614489.9672759511     
   6614489.9451415893     
   6614489.9070776710     
   6614489.9070267798     
   6614489.8835268700     
   6614489.8375880718     
   6614489.8372813603     
   6614489.8361096624     
   6614489.8020831486     
   6615715.7106780205     
   6615715.2276724288     
   6615752.0930177318     
   6615752.0765052037     
   6615764.7312950836     
   112991257.01724260     
   112991256.97913764     
   112991256.97896226     
   112991256.97724204     
   112991256.97689308     
   112991256.96401936     
   112991256.96142647     
   112991256.95298590     
   112991256.95126481     
   112991256.14084114     
   112991255.31805612     
   112991255.31792527     
   112991255.24780290     
   112991255.23505923     
   112991255.18199098     
   112991255.08682135     
   112991254.68073575     
   112991254.65772164     
   112991254.57685876     
   112991254.46860373     
   112991254.43940835     
   112991254.38266888     
   112991254.37587856     
   112994354.63657153     
   112994354.63258271     
   112994354.61858703     
   112994353.70533937     
   112994353.59590797     
   112994353.56840606     
   112994476.02309230     
   112994476.01091394     
   112994475.78543176     
   112994955.00666448     
   112994955.00297841     
   112994954.98389973     
   112994954.75126086     
   112994953.97946319     
   112994953.91108911     
   112994953.91092494     
   112994953.90803555     
   112994953.90801197     
   112994953.90242143     
   112994953.83384292     
   112994956.59606175     
   112994956.58263299     
   112994956.57001777     
   112994955.71648052     
   112994955.00914551     
   112994954.39740950     
   112994954.39556336     
   112994954.39377622     
   112994954.37767938     
   112994954.37674733     
   112994954.23798880     
   112994953.44810793     
   112994953.07539144     
   112995061.33722864     
   112995061.26548228     
   112995061.25641738     
   112995061.24938768     
   112995061.23715422     
   112995061.22103415     
   112995060.36518554     
   112995059.83463556     
   112995059.83459923     
   112995059.83455476     
   112995059.24492091     
   112995059.23785028     
   112995059.21354125     
   112995059.21311793     
   112995059.18681526     
   112995059.15807360     
   112995059.15478641     
   112995058.30168986     
   112995058.30134307     
   112995058.21268377     
   112995058.17769824     
   112995058.17762201     
   112995058.15291688     
   112995058.13027821     
   112995057.20035167     
   112995057.18839484     
   112995057.15110810     
   112995057.14970341     
   112995057.14314266     
   112995057.14304221     
   112995488.78850815     
   112995488.74368575     
   112995488.09241237     
   112995487.45102920     
   112995486.96792127     
   112995486.96757777     
   112995486.06987537     
   112995486.05758606     
   112995485.93917136     
   112995485.89672235     
   112995485.86640245     
   112995485.71676978     
   112995485.66318266     
   112995485.65800051     
   112995485.31264023     
   112995485.31259748     
   112995485.24297658     
   112995485.22061658     
   112995485.22018300     
   112995485.21802519     
   112995485.12904753     
   112995485.11845711     
   112995484.24101807     
   112995484.24080652     
   112995484.10074063     
   112995484.07517073     
   112995484.06777513     
   112995484.03056444     
   112995484.00144206     
   112995483.50621517     
   112995483.43097495     
   112995483.40468441     
   112995482.58699141     
   112995482.53068672     
   112995481.60434179     
   112995480.83239056     
   112995479.90655459     
   112995479.85454096     
   112995486.51903647     
   113008993.02114119     
   113008992.97580262     
   113008992.97273867     
   113008992.81933923     
   113008992.76237002     
   113008992.66587837     
   113008992.64200979     
   113008992.63915715     
   113008992.63908596     
   113008992.63823417     
   113008992.40583877     
   113008992.40445280     
   113008991.80227099     
   113008991.72880106     
   113008990.94265082     
   113008990.93852350     
   113008990.92836021     
   113009922.62185670     
   128362131.96358338     
   128362131.03384775     
   128362131.00147761     
   128362130.27345760     
   128362129.97653730     
   128362129.97610503     
   128362129.94100063     
   128362129.76889436     
   128362129.76330498     
   128362129.76330213     
   128362129.76163478     
   128362129.36826602     
   128362129.35123864     
   128362129.11752418     
   128362128.83484644     
   128362128.82110661     
   128362128.20436427     
   128362127.78971533     
   128362127.77899717     
   128362127.56917204     
   128362142.70053467     
   128362142.70045191     
   128362142.70041741     
   128362142.63090082     
   128362142.62470295     
   128362142.06069964     
   128362142.05904771     
   128362141.48917837     
   128362141.48343305     
   128362141.40357290     
   128362141.40329592     
   128362141.23879845     
   128362141.23409803     
   128362141.23322241     
   128362140.30389141     
   128362140.12343143     
   128362140.11295469     
   128362140.10179733     
   128362140.10179256     
   128362140.05858752     
   128362139.93643841     
   128362139.92334121     
   128362139.84205031     
   128362139.84172264     
   128362139.79751539     
   128996811.07260190     
   128996810.27215378     
   128996810.25320004     
   128996810.21412396     
   128996810.20861094     
   128996810.20851201     
   128996997.44068234     
   128996997.19708280     
   128996997.19642721     
   128996997.19186378     
   128996997.18870805     
   128996997.18870200     
   128996997.18649991     
   128996997.18646704     
   128996997.09783885     
   128996997.08207890     
   128996997.06574708     
   128997035.06026216     
   128997034.77710445     
   128997034.69133493     
   128997034.69115701     
   128997034.68351038     
   128997034.67133783     
   128997034.65575640     
   128997034.64111727     
   128997034.05148616     
   128997034.00780074     
   128997033.95804182     
   128997033.91503443     
   128997033.90591708     
   128997033.88475238     
   128997033.86585596     
   128997033.83507107     
   129000190.81038460     
   129000190.66823983     
   129000190.65208241     
   129000190.64260092     
   129010789.99494724     
   129010789.97194973     
   129010789.95756905     
   129010789.91502853     
   144955533.81118727     
   144955533.81106877     
   144955533.78090516     
   144955533.74164852     
   144955533.72654611     
   144955533.59571928     
   144955533.59499115     
   144955533.47346517     
   144955533.27001938     
   144955532.94476345     
   144955532.94341883     
   144955532.93841299     
   144955532.93833813     
   144955532.91235924     
   144955532.91200727     
   144955532.91198695     
   144955532.74361593     
   144955532.72798356     
   144955532.72374403     
   144955532.58932436     
   144955531.66383505     
   144955530.91827795     
   144955530.91174996     
   144955530.88372642     
   144955530.88372639     
   144955530.28860715     
   144955530.26049477     
   144955530.24783546     
   144955530.02050388     
   144955529.97620225     
   144955529.93568486     
   144955529.93236902     
   144955529.93009189     
   144955529.41132253     
   144955529.28260067     
   144955529.28257895     
   144955529.22646010     
   144955529.10121644     
   144955529.06019849     
   144955578.97936615     
   144955578.92720604     
   144955578.90905380     
   144955578.40083519     
   144955578.35681528     
   144955578.27145210     
   144956057.16965738     
   144956057.16964498     
   144956056.97169176     
   144956056.96419138     
   144956056.94055155     
   144956056.38529363     
   144956056.37454450     
   144956056.32136521     
   144956056.31101421     
   144956056.30935442     
   144956056.30529970     
   144956056.24546090     
   144956056.23447451     
   144956055.69712678     
   144956055.69653460     
   144956055.69612175     
   144956055.32972562     
   144956055.32905743     
   144956055.31314698     
   144956055.01147601     
   144956055.00791824     
   144956055.00622466     
   144956054.88928917     
   144956054.81490266     
   144956054.80781001     
   144956054.80538204     
   144956083.30624470     
   144956083.29986918     
   144956083.29911548     
   144956083.29580304     
   144956083.28942743     
   144956083.28857648     
   144956083.28111547     
   144956083.22990036     
   144969150.79535937     
   144972154.93781134     
   144972154.72005922     
   144972154.71948957     
   144972154.60843480     
   144972154.60787857     
   144972159.05310082     
   144972158.54421544     
   145466625.69661224     
   145466625.52335596     
   145466625.45416290     
   145466633.27937222     
   145466633.27931276     
   145466633.27250907     
   145466633.23563856     
   145466633.23324773     
   145466633.04614678     
   145466633.04576546     
   145466633.03211960     
   145466633.03137824     
   145466632.86529633     
   145466632.86338976     
   145466632.85188690     
   145466632.80739895     
   145466632.59883282     
   145466632.31577092     
   145466632.25917205     
   145466632.11433801     
   145466632.08912960     
   145466632.05253491     
   145466632.05197707     
   145466632.05189192     
   145466631.57169950     
   145466631.53540471     
   145466630.62085265     
   145466629.96438482     
   145466629.95985189     
   145466629.95030469     
   145466629.67802113     
   145466629.67710119     
   145466629.67461124     
   145466629.67019439     
   145466629.37621298     
   145466629.36306965     
   145466629.23184982     
   145466629.03820315     
   145466629.03347597     
   145466628.36725816     
   145466628.20232734     
   145466628.19971588     
   145466627.98033351     
   145466664.66790381     
   145466664.66765422     
   145466664.66078839     
   145466664.65314743     
   145466664.64822057     
   145466664.64012352     
   145466664.64007974     
   145466777.42990333     
   145466777.41572258     
   145466777.36813509     
   145466777.36589369     
   145466777.01577085     
   145466776.08866042     
   145466897.54786670     
   145466897.54231322     
   145466897.48316067     
   145466897.29450756     
   145466897.28984454     
   145466897.25552708     
   145466897.09068069     
   145466897.08788696     
   145466896.85905641     
   145466896.02599502     
   145466896.00746042     
   145466896.00745213     
   145466895.76988915     
   145466895.76873663     
   145466895.76799443     
   145466895.50973856     
   145466895.50939977     
   145466895.49579886     
   145466895.49064806     
   145466895.46810940     
   145466895.05981633     
   145466894.94892910     
   145466894.86727899     
   145466893.98355591     
   145466893.79108122     
   145466892.93650162     
   145466892.92203712     
   145466892.09179884     
   145466892.09179047     
   145466892.02207252     
   145466891.70988452     
   145466891.70963871     
   145466891.51800379     
   145466891.47378170     
   145466891.46820790     
   145466890.84100953     
   145466890.81925619     
   145466890.81840301     
   145466890.77989024     
   145466890.70335650     
   145466890.69844189     
   145466890.68907869     
   145469953.08678794     
   145469953.08055010     
   145469953.06393650     
   145469953.06387135     
   145469953.06219041     
   145469953.05951977     
   145469952.95810667     
   145469952.90261272     
   145469952.86790797     
   145469952.25111076     
   145469951.63966474     
   145469951.63899559     
   145469951.63079211     
   145469951.55148131     
   145469951.52553147     
   145469950.87771207     
   145469950.78929430     
   145469999.47571859     
   145469999.44846818     
   145469999.42687777     
   145469999.40283555     
   145469999.40283281     
   145469999.39193720     
   145469999.38033110     
   145469999.37999633     
   145469999.36088488     
   145469999.32587343     
   145469999.13344949     
   145469999.12428331     
   145469999.10589510     
   145469998.93238434     
   145469998.91519117     
   145469998.90913242     
   145469998.90527052     
   145469998.90522099     
   145469998.82788277     
   145469998.79330069     
   145469998.72100320     
   145469998.70266113     
   145469998.66927317     
   145469998.65327549     
   145469998.57447723     
   145469998.56495064     
   145469998.56423205     
   145469998.53132850     
   145470064.94128144     
   145470064.93265465     
   145470064.93158457     
   145470064.90684915     
   145470064.26468477     
   145470064.26350278     
   145470064.04155448     
   145470063.39928046     
   145470063.39210209     
   145470063.35633141     
   145470063.32465631     
   145470063.32429972     
   145470063.31336203     
   145470063.31292439     
   145470063.25897619     
   145470063.21856558     
   145470063.21823293     
   145470063.20849213     
   145470063.08167511     
   145470063.00559378     
   145470063.00530687     
   145470062.99652538     
   145470062.98304087     
   145470062.93717733     
   145470062.90817139     
   145470062.90787682     
   145470062.90568909     
   145470062.90273687     
   145470062.76439860     
   145470062.71013165     
   145470062.69235519     
   145470062.54116413     
   145470062.53446338     
   145470062.52871415     
   145470062.52690977     
   145470062.44571167     
   145470062.44326514     
   145470062.39980307     
   145470062.26749474     
   145470061.86329439     
   145470061.60520783     
   145470061.58948407     
   145470061.58891433     
   145470061.56652394     
   145470061.53829709     
   145470061.07303736     
   145470061.00590745     
   145470061.00560087     
   145470060.98014724     
   145470060.97271392     
   145470060.97244018     
   145470060.05021501     
   145470059.66237336     
   145470060.42568699     
   145470060.42327610     
   145470060.41432819     
   145470060.34613314     
   145470059.94093972     
   145663393.46810398     
   145663393.46751374     
   145663393.46750242     
   145663393.38483530     
   145663393.28794631     
   145663393.28082061     
   145663393.27524242     
   145663392.87082234     
   145663392.82051259     
   145663392.53445119     
   145663392.47533417     
   145663392.45916092     
   145663392.43009245     
   145663392.13963559     
   145663391.96736652     
   145663391.96226415     
   145663428.20526445     
   145663428.20366785     
   145663428.10469979     
   145663427.55258399     
   145663427.54004300     
   145663427.53979912     
   145663427.53061664     
   145663427.28520352     
   145663427.28292325     
   145663427.21537805     
   145663427.20712447     
   145663426.81692141     
   145663427.67569837     
   145663427.67522666     
   145663427.62091252     
   145663427.62056637     
   145663427.61484477     
   145663427.50864097     
   145663427.49595681     
   145663427.48082373     
   145663427.47945145     
   145663427.47217122     
   145663427.46223411     
   145663427.19061351     
   145663427.18633220     
   145663427.08407882     
   145663426.69959575     
   145663426.01428196     
   145663426.01426589     
   145663425.65973377     
   145663425.62105078     
   145663425.44324255     
   145663424.67133817     
   145663424.65226448     
   145663424.57705972     
   145663423.85455555     
   145663423.84679964     
   145663423.83185118     
   145663423.82515714     
   145663423.82515007     
   145663423.60215297     
   145663423.37725940     
   145663423.32226822     
   145663423.32219791     
   145663423.19580925     
   145663423.13171577     
   145663423.12830654     
   145663423.12324497     
   145663423.12226829     
   145663423.12032071     
   145663423.11983460     
   145663423.11523387     
   145663423.09023827     
   145665087.36269280     
   145665087.27009082     
   145665087.26872674     
   145665087.01520348     
   145665087.01494506     
   145665086.16750020     
   145665086.16687924     
   145704039.22642112     
   145704039.22285530     
   145704039.21277893     
   145704039.21174830     
   145704039.20432842     
   145704039.13738272     
   145704039.13562545     
   145704039.12780225     
   145704039.06842017     
   145704038.35019815     
   145704038.34890455     
   145704037.45940128     
   145704037.38129628     
   145704037.38049707     
   145704036.82175362     
   145704036.75735542     
   145704038.76524067     
   145704037.86986658     
   145704037.68624988     
   145704037.47238827     
   145704037.44935885     
   145704037.44934726     
   145704036.52212715     
   145704036.47660568     
   145704036.46797630     
   145704038.38425472     
   145704038.29856092     
   145704038.29841328     
   145704059.69582796     
   145704059.16297325     
   145704059.09653518     
   145704059.05950749     
   145704058.60404280     
   145704172.21865124     
   145704172.03121439     
   145704171.98417598     
   145704171.95235014     
   145704171.94415238     
   145704171.87516910     
   145704171.85173514     
   145704171.85171288     
   145704171.83241981     
   145704171.81994447     
   145704173.55762893     
   145704173.50529328     
   145704173.48720065     
   145704173.48306084     
   145704173.41771421     
   145704173.37700376     
   145704173.36066800     
   145704195.36474019     
   145704194.71320337     
   145704194.58727705     
   145704194.40001455     
   145704194.39989406     
   145704194.30964741     
   145704194.23076382     
   145704194.20731738     
   145704194.19795105     
   145704194.19209033     
   145704194.19197935     
   145704194.19081089     
   145704193.93848747     
   145704193.93687493     
   145704193.93558326     
   145704193.89627135     
   145704193.85955471     
   145704193.85624105     
   145704193.60069004     
   145704193.54219481     
   145704193.50751418     
   145704193.50732887     
   145704193.47385082     
   145704193.45942643     
   145704193.38528821     
   145704193.38297844     
   145704193.31151941     
   145704193.25584543     
   145704193.25276875     
   145704193.25073272     
   145704193.13704517     
   145704193.13644102     
   145704193.07187769     
   145704193.07184264     
   145704192.42240441     
   145704192.41977581     
   145704192.38780022     
   145704192.35908139     
   145704192.34878725     
   145704191.54806685     
   145704191.52746999     
   145704191.51262718     
   145704191.46096018     
   145704191.45793232     
   145704191.45792168     
   145704191.45394880     
   145704191.43075684     
   145704191.27579680     
   145704194.05624443     
   145704194.03687653     
   145704194.02493197     
   145704194.00861669     
   145704193.88292894     
   145704193.83014458     
   145704193.82852936     
   145704193.44036868     
   145704193.44019720     
   145704193.44005135     
   145704193.27569348     
   145704193.21814623     
   145704193.21658731     
   145704193.10066032     
   145704193.08281836     
   145704193.06694922     
   145704193.06175330     
   145704192.35681114     
   145704192.33786526     
   145704192.33402896     
   145704192.29912749     
   145704192.28790662     
   145704192.28763244     
   145704192.27299157     
   145704195.31093708     
   145704195.30781159     
   145704195.29431939     
   145704195.29314116     
   145704195.28358901     
   145704194.72103420     
   145704194.71983412     
   145704194.71168154     
   145704194.68786028     
   145704194.68577477     
   145704193.93284896     
   145704193.92146581     
   145704193.92093986     
   145704193.08254105     
   145704193.07960114     
   145704193.05828175     
   145704192.76132447     
   145704192.75307468     
   145704192.74969408     
   145704192.74823526     
   145704192.74716502     
   145704192.74685198     
   145704219.75124407     
   145704219.74947530     
   145704219.71065384     
   145704220.31922060     
   145704220.31848741     
   145704220.23880556     
   145704220.23672995     
   145704220.21578106     
   145704220.19764486     
   145704219.98742008     
   145704219.97107142     
   145704219.87555674     
   145704219.87554377     
   145704219.87345463     
   145704219.12446621     
   145704218.29057515     
   145704218.29020771     
   145704218.11531749     
   145704217.90511987     
   145704217.80849430     
   145704217.80799940     
   145704217.80152771     
   145704217.68779424     
   145704217.68690592     
   145704217.46852273     
   145704217.32341915     
   145704217.32155457     
   145704216.41841206     
   145704216.00782901     
   145704215.98423949     
   145704215.97194353     
   145704215.97188625     
   145704215.96961367     
   145704215.71000296     
   145705867.53866494     
   145705867.51991498     
   145705867.51991481     
   145705867.15483239     
   145705867.14178687     
   145705867.14085418     
   145705867.12883097     
   145705867.12438601     
   145705867.02778301     
   145710940.15848592     
   145710940.07424188     
   145710939.99591851     
   145713738.65717110     
   145713738.65608594     
   145713738.65601280     
   145713738.60952258     
   145713738.60734320     
   145713738.60734320     
   145713738.57942900     
   145713738.50125873     
   145713738.49371356     
   145713738.47165060     
   145713738.44275993     
   145713738.31037605     
   145713738.30840296     
   145713738.30322003     
   145713737.90709901     
   145713737.75004616     
   145713737.73171329     
   145713737.70668435     
   145747674.22885349     
   145747674.22084582     
   145747674.01136962     
   4958326576.7452984     
   4958326576.2216806     
   4958326576.2215271     
   4958326576.2164621     
   4958326576.2155228     
   4958326576.2004280     
   4958326576.0067205     
   4958326575.9800701     
   4958326575.9698830     
   4958326575.9233761     
   4958326575.8469696     
   4958326575.4922647     
   4958326575.4383860     
   4958326575.4381628     
   4958326575.4378290     
   4958326574.6194506     
   4958326574.6125755     
   4958326574.6056299     
   4958326574.5357971     
   4958326574.4822989     
   4958326574.4819775     
   4958341508.5296345     
   4958341508.5265198     
   4958341508.5262976     
   4958341508.3445740     
   4958341508.3332033     
   4958341507.7002163     
   4958341507.6963263     
   4958341507.5760059     
   4958341507.5738058     
   4958341507.5732164     
   4958341507.5725250     
   4958341507.4513988     
   4958341507.4491386     
   4958341507.3716116     
   4958341507.3713589     
   4958341507.3668251     
   4958341506.7197304     
   4958341506.7185068     
   4958341506.7157679     
   4958341506.6266861     
   4958341506.6077328     
   4958341506.6056862     
   4958341506.5748749     
   4958341506.5696621     
   4958341506.5660086     
   4958341506.5586319     
   4958341506.5072184     
   4958341506.1316738     
   4958341506.1237831     
   4958341549.6518431     
   4958341549.6330395     
   4958341549.5806141     
   4958341549.5723181     
   4958341549.5514812     
   4958341549.5511770     
   4958341549.4359350     
   4958341549.3834515     
   4958341549.3426056     
   4958341549.3425236     
   4958341549.2992249     
   4958341549.2985859     
   4958341549.2940464     
   4958341549.2940407     
   4958341549.2940178     
   4958341549.2865715     
   4958341549.2865715     
   4958341549.2777004     
   4958341549.2775669     
   4958341548.9410896     
   4958341548.8937941     
   4958341548.8447638     
   4958341548.8200388     
   4958341548.5407104     
   4958341548.5270491     
   4958341548.4849157     
   4958341547.6769333     
   4958341547.6608524     
   4958341547.6137199     
   4958341625.5488329     
   4958341625.3657045     
   4958341625.3644428     
   4958341625.3639507     
   4958341624.8962708     
   4958341624.1821880     
   4958341624.1816416     
   4958341624.1668777     
   4958341624.1662436     
   4958341624.1648684     
   4958341624.1370068     
   4958341624.1024923     
   4958341624.1022024     
   4958341624.1020489     
   4958341623.8338165     
   4958341623.7282705     
   4958341623.1618328     
   4958341623.1531239     
   4958341623.1482306     
   4958341623.0348768     
   4958341623.0331631     
   4958341622.5598831     
   4958341621.9434624     
   4958341621.9358635     
   4958341621.1445770     
   4958341621.1410208     
   4958341621.1186609     
   4958341621.1134157     
   4958341621.0678778     
   4958341621.0674191     
   4958341621.0054073     
   4958341621.0026731     
   4958341620.7692022     
   4958341620.7285557     
   4958341620.6238976     
   4958341620.6001425     
   4958341620.5101538     
   4958341620.4417286     
   4958341620.0922852     
   4958341620.0593548     
   4958341619.8046408     
   4958341619.8042717     
   4958341619.7985106     
   4958341619.7910633     
   4962499120.2819939     
   4962499120.2564611     
   4962499120.2464886     
   4962499120.2458963     
   4962499119.9719763     
   4962499119.9550934     
   4962499119.9493418     
   4962499119.9438581     
   4962499119.6483850     
   4962499119.6363773     
   4962499119.6353283     
   4962499119.6333170     
   4962499119.4574471     
   4962499127.7608070     
   4962499127.7432127     
   4962499127.5939674     
   4962499127.5938520     
   4962499126.9221926     
   4962499126.9178514     
   4962499126.9161224     
   4962499126.8628206     
   4962499126.8119144     
   4962499126.7235136     
   4962499126.7017450     
   4962499126.6675119     
   4962499126.6240492     
   4962499126.6234417     
   4962499126.6148939     
   4962499126.2515039     
   4962499126.2494888     
   4962499588.2985706     
   4962499588.1416426     
   4962499588.1208315     
   4962499588.0968962     
   4962499587.9464893     
   4962499587.7591543     
   4962499587.6189919     
   4962499587.4079809     
   4962499588.1051445     
   4962499587.2171173     
   4962499587.2107019     
   4962499595.3610048     
   4962499595.3301830     
   4962499595.1845770     
   4962499595.1796560     
   4962499594.3330069     
   4962499593.8541155     
   4962499600.3942871     
   4962499600.1526442     
   4962499600.0416689     
   4962499600.0002890     
   4962499600.0002880     
   4962499599.7899551     
   4962499598.9904995     
   4962499598.9898672     
   4962499598.9898663     
   4962499598.9748125     
   4962499598.9482079     
   4962499598.8860588     
   4962499598.8505220     
   4962499598.8240757     
   4962499598.7364006     
   4962499598.0073490     
   4962499612.1265945     
   4962499612.1200438     
   4962499612.0052834     
   4962499611.7622051     
   4962499611.6433172     
   4962499611.6034670     
   4962499611.2627707     
   4962499611.2285147     
   4962499611.2034645     
   4962499611.0428295     
   4962499611.0343370     
   4962499610.1745586     
   4962499610.1745577     
   4962499610.1617613     
   4962499610.1234541     
   4962499623.3442955     
   4962499623.3387976     
   4962499623.2895794     
   4962501817.4872494     
   4962501817.3366232     
   4962501817.3327560     
   4962501816.7841845     
   4962501816.7841444     
   4962501816.7667656     
   4962503022.6481218     
   4962503022.6266022     
   4962503022.6193295     
   4962503622.0649509     
   4962503621.9385376     
   4962503621.9121561     
   4962503621.8273897     
   4962503621.7092991     
   4962503621.6650553     
   4962503620.7388916     
   4962503620.2616253     
   4962503619.8510838     
   4962503619.8385019     
   4962503619.0897017     
   4962503619.0153017     
   4962503619.0148573     
   4962503618.1584568     
   4962503617.9655695     
   4962503650.8626003     
   4962503650.8618050     
   4962503650.8400345     
   4962503650.8359613     
   4962503650.7578821     
   4962503650.7435675     
   4962503650.7419796     
   4962503650.7417879     
   4962503650.7319651     
   4962503650.7207470     
   4962503650.5425005     
   4962503650.3105917     
   4962503650.3104353     
   4962503649.9079247     
   4962503649.9032316     
   4962503655.9267111     
   4962503655.8954258     
   4962503655.8372240     
   4962503655.8002882     
   4962503655.8002882     
   4962503655.7726212     
   4962503655.7132435     
   4962503655.7119675     
   4962503655.6698961     
   4962503655.6685686     
   4962503655.5616198     
   4962503655.5615797     
   4962503655.5536718     
   4962503655.5468702     
   4962503655.5363665     
   4962503655.5172558     
   4962503654.8445587     
   4962503654.8386002     
   4962503654.3104391     
   4962503653.6943178     
   4962514176.8700075     
   4962514176.5011587     
   4962514175.8597736     
   4962514175.8427382     
   4962514175.7728071     
   4962514175.7727880     
   4962514175.7727642     
   4962514175.7633829     
   4962514175.7509279     
   4962514175.3509235     
   4962514175.3500214     
   4962514174.9276209     
   4962514174.9248781     
   4962514174.9107809     
   4962514174.8753395     
   4962514174.8568583     
   4962515070.8417435     
   4962515070.1599636     
   4962515070.0997820     
   4962515070.0997591     
   4962515070.0733824     
   4967027923.2135315     
   4967027923.1522226     
   4967027923.1411972     
   4967027923.0503693     
   4967027923.0010376     
   4967027922.9901447     
   4967027922.5439043     
   4967027922.5332298     
   4967027922.5179195     
   4967027922.4717751     
   4967027922.4482985     
   4967027922.4478626     
   4967027922.0964298     
   4967027922.0937996     
   4967027921.8152475     
   4967027921.6914186     
   4967027921.6507311     
   4967027920.7304773     
   4967027920.7301922     
   4967027920.6316242     
   4967027920.5899496     
   4967027920.5899496     
   4967027920.5507298     
   4967338967.2444458     
   4967338967.0904512     
   4967338967.0876293     
   4967338967.0869989     
   4967338967.0813255     
   4967338967.0791082     
   4967338967.0730143     
   4967338966.9081993     
   4967338966.9016161     
   4967338966.8891659     
   4967338966.8706980     
   4967338965.9585609     
   4967338979.7743692     
   4967338979.7731485     
   4967338979.5218000     
   4967338979.4809265     
   4967338979.4582319     
   4980231771.5779963     
   4980231771.4976635     
   4980231771.4613266     
   4980231771.3164358     
   4980231771.2959614     
   4980231770.9796753     
   4980231770.9782457     
   4980231770.9298735     
   4980231770.9168367     
   4980231780.1265287     
   4980231833.1046438     
   4986690702.1298723     
   4986690702.1293707     
   4986690702.0677633     
   4986690701.2499323     
   4986690701.0503225     
   4986690701.0389929     
   4986690701.0333729     
   4986690700.8562527     
   4986690700.0077667     
   4986690699.9993582     
   4986690699.8071079     
   4986690699.6188564     
   4986690699.1880894     
   4986690699.1880379     
   4986690699.1879416     
   4986690699.0986395     
   4986690699.0670004     
   4986690699.0486345     
   4986690699.0485487     
   4986690698.9258204     
   4986690698.9258041     
   4986690698.9229326     
   4986690697.9974489     
   4986690697.9813547     
   4986690697.0598078     
   4986690696.9970627     
   4986690696.9394464     
   4986690696.7799778     
   4986690696.7616558     
   5005123548.8371944     
   5005123548.3701143     
   5005126537.8568640     
   5005126537.8165865     
   5005126537.7177639     
   5005126537.6942739     
   5005126537.6942348     
   5005126537.6932001     
   5005126537.5831194     
   5005126537.5769606     
   5005126537.5338650     
   5005126537.5193310     
   5005126537.5166092     
   5005126537.5155182     
   5005126537.5065861     
   5005126542.6145124     
   5005126542.6126165     
   5005127478.6477242     
   5005127478.6477184     
   5005127478.3393593     
   5005127478.3294735     
   5005127478.3029118     
   5005127478.3024702     
   5005127477.7388945     
   5005127477.7120419     
   5005127477.7112570     
   5005127477.6835394     
   5005127477.6299753     
   5005127476.9284573     
   5005127476.9229908     
   5005127624.5821095     
   5005127623.6663980     
   5005127623.5949011     
   5005127623.5846634     
   5005127623.5839987     
   5005127623.5585537     
   5005127623.4545059     
   5005127623.3743877     
   5005127623.3729572     
   5005127623.3440857     
   5005127623.3438482     
   5005127622.5119867     
   5005127622.4468365     
   5005127622.4342728     
   5005127622.3615952     
   5005127622.2146072     
   5005127720.7120371     
   5005127720.7119207     
   5005127743.0589447     
   5005127743.0589409     
   5005127742.9361315     
   5005127742.4566031     
   5005127741.9985609     
   5005127741.9963837     
   5005127741.9949350     
   5005127741.9911528     
   5005127741.9796543     
   5005127741.5754080     
   5005127741.5743237     
   5005127741.5694370     
   5005127741.5429697     
   5005127741.1827879     
   5005127741.1827860     
   5005127763.1422424     
   5005127763.0750036     
   5005127763.0098858     
   5005127762.9868736     
   5005127762.9836864     
   5005127762.9813423     
   5005127762.9813061     
   5005127762.8894739     
   5005127762.8721886     
   5005127762.7867327     
   5005127762.7791309     
   5005127762.7784595     
   5005127762.7772436     
   5005127762.7772427     
   5005127762.7751999     
   5005127839.3443747     
   5005127839.3357105     
   5005130164.2999868     
   5005130164.2947664     
   5005130163.9909697     
   5005130163.9909163     
   5005130163.9775743     
   5005130733.0233850     
   5005130733.0128107     
   5005130732.5892735     
   5005130732.3970079     
   5005130732.3799124     
   5005130732.3620358     
   5005130732.3534307     
   5005130731.4770117     
   5005130731.4588594     
   5005130731.1282892     
   5005130731.0237808     
   5005131686.9089336     
   5005131686.8286734     
   5005131686.7492409     
   5005131686.7030792     
   5005131686.6976995     
   5005131686.6957064     
   5005131686.6904440     
   5005131784.1550217     
   5005131784.1069489     
   5005131784.0748405     
   5005131883.7155704     
   5005131883.7137022     
   5005131883.6323538     
   5005131883.5641127     
   5005131883.5525694     
   5005131883.5391178     
   5005131883.4967823     
   5005131883.1427917     
   5005131883.0571575     
   5005131882.9523344     
   5005131882.9352636     
   5005131882.9325047     
   5005131882.9308567     
   5005131882.9303503     
   5005131882.8087921     
   5005131882.8080654     
   5005131882.8009224     
   5005131882.7542133     
   5005131882.5705099     
   5005131882.5425386     
   5005131882.4507275     
   5005131882.3754997     
   5005131882.3718319     
   5005131882.3249865     
   5005131882.2399302     
   5005131882.0650454     
   5005131882.0645447     
   5005131881.7333851     
   5005131881.7333479     
   5005131881.7281837     
   5005131884.1114655     
   5005131884.0458260     
   5005131883.7319441     
   5005131883.7123537     
   5005131883.6846676     
   5005131883.6573009     
   5005131883.6386061     
   5005131883.2077961     
   5005131882.2910662     
   5005131882.2909470     
   5005131882.2831602     
   5005131882.1599407     
   5005131882.1556606     
   5005131882.0651474     
   5005132038.0361500     
   5005132038.0356531     
   5005132038.0291061     
   5005132038.0239840     
   5005132037.8820066     
   5005132037.7760353     
   5005132037.3085995     
   5005132037.2375546     
   5005132037.1663465     
   5005132037.0958719     
   5005132037.0859566     
   5005132036.9159622     
   5005132036.2240601     
   5005132036.1196089     
   5005132036.1177435     
   5005132035.9236879     
   5005132035.9230299     
   5005132035.9228096     
   5005132035.9116373     
   5005132035.9077311     
   5005132035.9036446     
   5005132035.9035807     
   5005132035.8440962     
   5005132038.6684971     
   5005132038.5627880     
   5005132038.5515785     
   5005132037.7343769     
   5005132037.7236919     
   5005132037.7236748     
   5005132036.9801340     
   5005132036.8871708     
   5005132036.8028593     
   5005132049.9846411     
   5005132049.9754477     
   5005132049.9320679     
   5005132049.8840437     
   5005132049.8201094     
   5005132049.5864477     
   5005132049.5337963     
   5005132049.1380720     
   5005132048.9858351     
   5005132048.1223555     
   5005132047.8946409     
   5005132067.1656256     
   5005132067.0999746     
   5005132067.0997505     
   5005132066.8050175     
   5005132066.8049374     
   5005132066.7690525     
   5005132066.7626791     
   5005159228.6780777     
   5005159228.6715136     
   5005159228.6681700     
   5005159228.2650366     
   5005159227.4094162     
   5005159227.4056330     
   5005159227.4051323     
   5005159511.6784906     
   5005159511.6781473     
   5005159511.6634312     
   5005159511.4735050     
   5005159511.4533873     
   5005159511.4442167     
   5005159511.4397039     
   5005159511.3954973     
   5005159555.2528496     
   5005159555.2528191     
   5005159554.9779425     
   5005159554.4582071     
   5005159554.4577827     
   5005159554.4577217     
   5005159554.3920851     
   5005159553.7722149     
   5005159552.8514471     
   5005159552.8450804     
   5005159552.7042799     
   5005159552.6748133     
   5005159552.6748075     
   5005159551.7849741     
   5005159551.7773485     
   5005159551.0499134     
   5005159550.6037683     
   5005159550.5755730     
   5005159550.5703611     
   5005159550.5701485     
   5005159550.5695200     
   5005159550.4806566     
   5005159550.4758854     
   5005159549.9156227     
   5005159549.9142666     
   5005159549.8887949     
   5005159549.6991453     
   5005159549.6976480     
   5005159549.8338890     
   5005159549.7276602     
   5005159549.6921110     
   5005159549.5680790     
   5006235122.3637877     
   5006235122.3433094     
   5006235122.3255720     
   5006235122.1958132     
   5006235122.1935177     
   5006235122.1872587     
   5006235122.1085196     
   5006235121.4144030     
   5006235121.3525743     
   5006235121.3514843     
   5006235429.2398911     
   5006235429.2148628     
   5006235429.2121763     
   5006235429.0950575     
   5006235429.0946875     
   5006235428.2435484     
   5006235427.6160994     
   5006235427.6160908     
   5006235427.6041508     
   5006235427.6039906     
   5006235427.6029558     
   5006235427.5825834     
   5006235427.5256729     
   5006235427.4461241     
   5006235427.4458103     
   5006235427.4413910     
   5006235427.4288292     
   5006235427.3868847     
   5006235427.3854361     
   5006235427.3800716     
   5006235427.2289543     
   5006235427.2107534     
   5006235427.1399384     
   5006235427.1337061     
   5006235427.1110106     
   5006235426.2370882     
   5006235426.0951691     
   5006235426.0925770     
   5006235426.0900059     
   5006235425.9109364     
   5006341123.9496088     
   5006341123.8332930     
   5006341123.7010317     
   5006341734.8274603     
   5006341734.8265200     
   5006341734.8265095     
   5006341734.8244095     
   5006341734.7496681     
   5006341733.8333635     
   5006341733.8261385     
   5006341733.6975451     
   5006341733.6693802     
   5006341733.6105413     
   5006341733.5540323     
   5006341733.5471201     
   5006341733.5244942     
   5006341733.5243073     
   5006341733.5192680     
   5006341817.1333523     
   5006341816.2201166     
   5006341816.2198954     
   5006341816.2166948     
   5006342628.9991798     
   5006342628.9943886     
   5006342628.3617868     
   5006342628.3477907     
   5006343236.5517836     
   5006343236.2803612     
   5006343236.2668533     
   5006343236.2451544     
   5006343236.1971045     
   5006343235.5720224     
   5006343235.5719891     
   5006343234.6552134     
   5006343234.6543274     
   5006343234.6526051     
   5006343234.3591328     
   5006343234.3548880     
   5006343234.3499527     
   5006343234.3406677     
   5006343234.3071051     
   5006343234.2243414     
   5006343234.0070486     
   5006343233.9898100     
   5006343233.9896049     
   5006343233.9285307     
   5006343233.7493191     
   5006343233.7493105     
   5006343233.1571407     
   5006343233.1564913     
   5006343233.1564817     
   5006343233.1503477     
   5006343233.1071730     
   5006343232.9728155     
   5006343232.9709644     
   5006343232.9636612     
   5006343232.9416533     
   5006343232.9416523     
   5006343232.7022333     
   5006343232.7000952     
   5006343232.6999445     
   5006343232.3451700     
   5006343241.4511766     
   5006343241.4388561     
   5006343241.3268251     
   5006343241.3248634     
   5006343241.0932093     
   5006343241.0872889     
   5006343241.0852137     
   5006343240.9815693     
   5006343240.9811325     
   5006343240.9790392     
   5006344444.0394592     
   5006344444.0111704     
   5006344444.0059624     
   5006344444.0059624     
   5006344444.0042162     
   5006344444.0020695     
   5006344443.9646606     
   5006344443.9645758     
   5006344443.9509640     
   5006344443.9045458     
   5006344443.8934202     
   5006344442.9886198     
   5006344442.9862547     
   5006344442.9854612     
   5006344442.9397278     
   5006344456.4464264     
   5006344456.4457636     
   5006344456.4358530     
   5006344456.4317474     
   5006344456.4125500     
   5006344456.4096680     
   5006344456.0063610     
   5006344455.9716082     
   5006344455.9031076     
   5006344455.9016123     
   5006344455.0038443     
   5006344454.1193771     
   5006344454.1193724     
   5006344453.8856583     
   5006344453.8279943     
   5006344453.7230272     
   5006344453.7224159     
   5006344453.6870918     
   5006344453.6751471     
   5006344453.4612389     
   5006344453.1607895     
   5006344453.0088396     
   5006344839.7059908     
   5006344839.1924782     
   5006344839.0915689     
   5006344839.0537548     
   5006344839.0094442     
   5006344839.0087223     
   5006344838.8921432     
   5006344838.8803186     
   5006344838.8728666     
   5006344838.8514233     
   5006344838.5916176     
   5006344838.5738182     
   5006344838.5670166     
   5006344838.5359621     
   5006344838.5214319     
   5006344838.5149145     
   5006344838.4840012     
   5006344838.4606285     
   5006344838.4574833     
   5006344838.4219770     
   5006344838.4207115     
   5006344837.6822147     
   5006344837.1069689     
   5006344836.8063812     
   5006344836.1128464     
   5006345867.0800886     
   5006345866.8689728     
   5006345866.8539858     
   5006345866.8499022     
   5006345866.8441963     
   5006345866.7721128     
   5006345866.7346926     
   5006345866.7279577     
   5006345866.7264080     
   5006345866.6179447     
   5006345866.3162594     
   5006345866.2716255     
   5006345866.2297001     
   5006345866.1674757     
   5006345866.1552572     
   5006345866.1526728     
   5006345866.1484013     
   5006345866.1289682     
   5006345866.1288395     
   5006345866.1270199     
   5006345866.1023388     
   5006345866.0944538     
   5006345866.0871649     
   5006345866.0000172     
   5006345865.8624086     
   5006345869.5308819     
   5006345869.5283289     
   5006345868.8302212     
   5006346577.5722857     
   5006346576.9257545     
   5006346607.2058239     
   5006346608.0274897     
   5006346607.7316122     
   5006346607.6832047     
   5006346607.6189804     
   5006346607.6176367     
   5006346607.3028545     
   5006346607.2556973     
   5006346606.9477243     
   5006346606.9469881     
   5006346606.3012905     
   5006346606.2616959     
   5006346606.2145882     
   5006346605.4466896     
   5006346605.4419012     
   5006346605.4247408     
   5006346605.4238796     
   5006346605.5691338     
   5006346605.0777874     
   5006346605.0775776     
   5006346605.0775042     
   5006346605.0432253     
   5006346605.0208740     
   5006346605.0097075     
   5006346604.9784784     
   5006346606.6265717     
   5006346606.5404520     
   5006346610.8824549     
   5006346610.8562584     
   5006346610.8558950     
   5006346610.8555431     
   5006346610.8555183     
   5006346610.6492176     
   5006346610.6458549     
   5006346610.6454926     
   5006346610.6156998     
   5006346610.6155748     
   5006346610.5754366     
   5006346610.5303383     
   5006346610.5214481     
   5006346613.3150349     
   5006346613.3148451     
   5006346612.7255754     
   5006351617.3610582     
   5006351617.3211641     
   5006351617.2209320     
   5006351617.0801163     
   5006351617.0729733     
   5006351616.1574106     
   5006351615.3098869     
   5006351631.3857737     
   5006351631.3774662     
   5006351631.3521166     
   5006351631.3501015     
   5006351630.7164192     
   5006351896.6059275     
   5006351896.5403376     
   5006351896.4533281     
   5006351896.4533100     
   5006351896.4400511     
   5006351896.3509808     
   5006351896.2310362     
   5006351905.1889992     
   5006351905.1695299     
   5006351905.1694841     
   5006351905.1690016     
   5006351905.1156845     
   5006351905.1072874     
   5006351905.0407610     
   5006351906.1067123     
   5006351905.8571959     
   5006351905.8567228     
   5006351905.8566561     
   5006351905.7695742     
   5006351905.3826466     
   5006351905.3341885     
   5006351905.2469835     
   5006351905.0006628     
   5006351904.4134512     
   5006351903.4840584     
   5006351903.4822330     
   5006351903.4710608     
   5006351903.4681387     
   5006351903.7962132     
   5006351903.7859573     
   5006351903.7845459     
   5006351903.7697182     
   5006351902.8468523     
   5006351902.7343330     
   5006351902.7328272     
   5006351902.6550035     
   5006351902.6038256     
   5006351902.3762236     
   5006351902.3528309     
   5006351902.1036739     
   5006351902.1034012     
   5006351901.9838915     
   5006352064.4469471     
   5006352064.4465389     
   5006352064.4465370     
   5006352064.4463844     
   5006352063.7415371     
   5006352063.7877836     
   5006352063.7151461     
   5006352063.6984301     
   5006352063.6978636     
   5006352063.0771542     
   5006352063.0757399     
   5006352063.0686741     
   5006352062.9760628     
   5006352062.9369240     
   5006352062.6749363     
   5007658390.4684067     
   5007658390.4467287     
   5007658390.3343506     
   5007658390.1017303     
   5007658390.1010036     
   5007658390.0785007     
   5007658390.0270901     
   5007658389.7705526     
   5007658389.7698669     
   5007658389.7205620     
   5007658389.7205019     
   5007658389.0733213     
   5007658389.0731859     
   5007658389.0731773     
   5007658389.0731621     
   5007658389.0731573     
   5007658388.9900351     
   5007658388.9367332     
   5007658388.9264097     
   5007658388.0427513     
   5007658388.0381756     
   5007658388.5676994     
   5007658388.5422668     
   5007658388.5413027     
   5007658388.5337124     
   5007658388.5014315     
   5007658388.4094305     
   5007658388.4092617     
   5007658388.4033241     
   5007658388.3683653     
   5007658388.3680754     
   5007658387.6784534     
   5007658387.2744770     
   5007658387.2716341     
   5007658387.2645178     
   5007658387.2635088     
   5007658387.2600288     
   5007658387.2567492     
   5007658387.2502880     
   5007658387.2501564     
   5007658387.2498798     
   5007668242.9747009     
   5007668242.9248877     
   5007668242.9152489     
   5007668242.2246895     
   5007668242.2246180     
   5007668242.1773958     
   5007668242.0859928     
   5007668242.0783901     
   5030927239.0900173     
   5030927239.0724974     
   5030927238.9826965     
   5030927238.9802961     
   5030927238.9751196     
   5030927238.9750023     
   5030927238.9730043     
   5030927238.6512804     
   5030927238.6467676     
   5030927242.9580021     
   5030927242.5835810     
   5030927242.5824966     
   5030927242.5771170     
   5030927242.5763998     
   5030927242.5727644     
   5030927242.5135794     
   5030927573.7554626     
   5030927573.6218548     
   5030927573.5926580     
   5030927573.5289259     
   5030927573.5285921     
   5030927573.3586359     
   5030927573.3512669     
   5030927573.3504782     
   5030927573.2936001     
   5030927573.2919865     
   5030927573.2910070     
   5030927573.2738075     
   5030933476.9371853     
   5030933476.0077629     
   5030933476.0061474     
   5030933476.0023899     
   5030933475.6833801     
   5030933475.6627884     
   5030933475.6624689     
   5030933475.6591616     
   5030933521.1869650     
   5030933521.1855116     
   5030933521.1341963     
   5030933520.5513048     
   5030933520.5460386     
   5030933520.5427485     
   5030933520.2904463     
   5030933520.0243301     
   5030933520.0163422     
   5030933519.4004488     
   5030933519.3995628     
   5030933519.3463936     
   5030934394.0972853     
   5030934394.0526590     
   5030934394.0451689     
   5030934393.4257345     
   5030934393.2685089     
   5030934393.2632074     
   5030935331.8539391     
   5030935331.7842598     
   5030935331.7833567     
   5030935331.6574383     
   5030935331.4562864     
   5030935331.2768002     
   5030935331.2662067     
   5030935331.2633295     
   5030935331.2622976     
   5030935331.2437048     
   5030935331.2137442     
   5030935330.6048012     
   5030935330.2854958     
   5030935330.2591867     
   5030935329.4121904     
   5030935329.3950701     
   5030935329.0939751     
   5030935329.0670776     
   5030935328.4173489     
   5030935472.7450705     
   5030935472.7438631     
   5030935472.7182713     
   5030935472.7166262     
   5030935472.7130318     
   5030935472.5894461     
   5030935472.5855799     
   5030935472.4858561     
   5030935475.4325390     
   5030935474.9933863     
   5030935474.9764557     
   5030935474.9287930     
   5030935474.9120102     
   5030935474.2698288     
   5030935473.6018400     
   5030935473.5990973     
   5030935473.5987358     
   5030935473.5830841     
   5030935473.5300589     
   5030935473.5291739     
   5030935473.5289783     
   5030935473.4568853     
   5030935473.4567518     
   5030935473.4176826     
   5030935473.4176378     
   5030935473.4103718     
   5030935473.2295237     
   5030935473.2292051     
   5030935473.2217140     
   5030935473.2150269     
   5030935473.0388384     
   5030935473.0273466     
   5030935473.0273380     
   5030935473.0222445     
   5030935472.9241314     
   5030935472.9114695     
   5030935472.0541315     
   5030935472.0474300     
   5030935472.0463820     
   5030935471.2740345     
   5030935471.2700720     
   5030935471.2700682     
   5030935470.3597698     
   5030935470.2210207     
   5030935470.2173605     
   5030935470.2062607     
   5030935470.2054892     
   5030935469.7645111     
   5030935469.7448864     
   5030935469.7358513     
   5030935469.2478399     
   5030935469.0488510     
   5030935469.0308714     
   5030935469.0047932     
   5030935469.0047493     
   5030935469.0046082     
   5030935468.9934101     
   5030935468.9202137     
   5030935468.9184141     
   5030935468.5484495     
   5030935468.5483980     
   5030935468.4950542     
   5030935468.3120689     
   5030935468.0544786     
   5030935468.0285683     
   5030935468.0177031     
   5030935467.9429140     
   5030935467.6955862     
   5030935467.4935656     
   5030935467.4905701     
   5030935467.4850883     
   5030935467.4347124     
   5030935467.4334240     
   5030935466.8908138     
   5030935466.8187523     
   5030935466.7447271     
   5030935466.7292147     
   5030935470.5898790     
   5030935469.6810026     
   5030935469.1464119     
   5030935469.1234779     
   5030935468.8617792     
   5030935468.8161812     
   5030935468.7512589     
   5030935468.7117605     
   5030935468.7117290     
   5030935468.5255585     
   5030935468.2879763     
   5030935468.1385107     
   5030935467.9911928     
   5030935479.0808315     
   5030939246.5593729     
   5030939246.4394684     
   5030939245.9898310     
   5030939245.9894190     
   5030942403.6297941     
   5030942403.6203642     
   5030942403.6159487     
   5030942403.6006460     
   5030942403.5575619     
   5030942403.5568027     
   5030942403.5555077     
   5030942403.5550213     
   5030942403.0928907     
   5030942403.0873938     
   5030942403.0763607     
   5030942403.0638914     
   5030942402.7023611     
   5030942402.6427059     
   5030942402.6403675     
   5030942402.5515537     
   5030943022.4039288     
   5030943022.3798132     
   5030943022.3795424     
   5030943022.3760309     
   5030943022.3738985     
   5030943022.3159180     
   5030943022.1134396     
   5030943022.0984850     
   5030943037.1215057     
   5030943036.4508839     
   5030943036.4219103     
   5030943036.4101925     
   5030943036.3431225     
   5030943036.3351603     
   5030943036.2662783     
   5030943036.2422085     
   5030943036.2408829     
   5030943036.1676350     
   5030943036.1142502     
   5030943036.1036968     
   5030943036.1019173     
   5030943035.7534723     
   5030972664.0662146     
   5030972664.0561295     
   5030972664.0228119     
   5030972664.0228100     
   5030972664.0228033     
   5030972663.5784540     
   5030972663.3137884     
   5030972663.0392361     
   5030972663.0283804     
   5030972663.0214043     
   5030972663.0187159     
   5030972662.9919643     
   5030972662.9331589     
   5030972662.8941813     
   5030972661.9925776     
   5030972661.9914923     
   5030972661.9595690     
   5030972661.8443737     
   5030972661.8217993     
   5030972661.8090677     
   5030972661.7930136     
   5030972661.7775917     
   5030972661.7775908     
   5030972661.7774134     
   5030972661.7630863     
   5030972677.7728996     
   5030972677.7608614     
   5030972677.7593231     
   5030972677.7224607     
   5030972676.8445120     
   5030972676.2601881     
   5030972676.1707907     
   5030972676.1703272     
   5030972675.9643641     
   5030972675.9281559     
   5030972675.9074020     
   5030972675.8217020     
   5030972675.8214760     
   5030972675.7955160     
   5030972675.7954397     
   5030972675.5133448     
   5030972675.5046730     
   5030972675.3403072     
   5030972675.3400984     
   5030972675.0858908     
   5030972675.0846138     
   5030972675.0498219     
   5030972674.9505339     
   5030972674.9383469     
   5030972674.9104557     
   5030972674.9104271     
   5030972674.7559099     
   5030972674.7478399     
   5030972677.3001499     
   5030972677.0805435     
   5030972676.5021811     
   5030972676.4870586     
   5030972676.4553947     
   5030972676.3404045     
   5030972676.3334427     
   5030972676.3323412     
   5030972676.3279638     
   5030972675.4916506     
   5030972675.4890833     
   5030972675.4779739     
   5030972675.4779558     
   5030972674.5978146     
   5030972674.5970831     
   5030972674.2184629     
   5030972674.2069759     
   5030972674.2048378     
   5030972674.2045050     
   5030972674.2043619     
   5030972674.1811686     
   5030972673.5393219     
   5030972673.5383930     
   5030972701.5278244     
   5030972701.5206556     
   5030972701.4826450     
   5030972701.4825897     
   5030972701.4757347     
   5030972700.9689465     
   5030972700.9682903     
   5030972700.9503241     
   5030972700.5817604     
   5030972700.1972618     
   5030972700.1942415     
   5030972699.8259735     
   5030972699.8151360     
   5030972699.7708588     
   5030972699.7705898     
   5030972699.5643635     
   5030972699.5352020     
   5030972699.4280691     
   5030972699.4250326     
   5030972699.4239378     
   5030972699.4024725     
   5030972699.3986578     
   5031092259.8513527     
   5031092259.8513527     
   5031092259.4989290     
   5031092259.4984159     
   5031092258.6837807     
   5031092258.6793098     
   5031092258.6723576     
   5031092258.6652498     
   5031092258.2974176     
   5031092258.2908421     
   5031092257.5652237     
   5031092256.9499035     
   5031092256.0371380     
   5031092256.0113459     
   5031092255.8132839     
   5031092255.6940689     
   5031092255.6644583     
   5031092255.6625443     
   5031092255.6497440     
   5031092255.6470699     
   5031092255.6446514     
   5031092255.6445808     
   5031092255.5661573     
   5031092255.4321365     
   5031092254.8508692     
   5031092254.8397856     
   5031092254.8201370     
   5031092254.1006632     
   5031092254.1006241     
   5031092254.0997534     
   5031092254.0976906     
   5031092253.8039370     
   5031092253.8027201     
   5031092253.7976198     
   5031092253.7625322     
   7834932457.7107811     
   7834932457.6404409     
   7834932457.4366817     
   7834932457.3538103     
   7834932457.3538065     
   7834932457.3534775     
   7834932457.2249632     
   7834932457.1985178     
   7834935099.8511763     
   7834935099.8510647     
   7834935099.8508520     
   7834935099.8051910     
   7834935099.7797260     
   7834935098.9533138     
   7834935098.7406273     
   7834935098.7368679     
   7834935098.6474018     
   7834935098.6352720     
   7834935098.6301146     
   7834935098.6191387     
   7834935098.6157913     
   7834935098.6058741     
   7834935098.4394531     
   7834935098.2405701     
   7834935097.6904964     
   7834935097.6880083     
   7834935097.6782513     
   7834935097.6589422     
   7834935097.6410894     
   7834935097.6377478     
   7834935097.4999752     
   7834935097.4991493     
   7834935097.4732656     
   7834935097.4669762     
   7834935097.3654938     
   7834935097.3269377     
   7834935097.3268957     
   7834935097.3243761     
   7834935096.4574909     
   7834935096.1462851     
   7834935096.1442766     
   7834935096.1441107     
   7834935096.1441040     
   7834935096.0864744     
   7834935095.9406548     
   7834935095.7571945     
   7834935095.7504654     
   7834935095.7501917     
   7834935095.7230024     
   7834935095.7224455     
   7834935095.7186689     
   7834935095.1490602     
   7834935094.9333220     
   7834935106.9425201     
   7834935106.7378483     
   7834935106.6591873     
   7834935106.6588202     
   7834935106.6489983     
   7834935105.7191687     
   7834935105.7173233     
   7834935105.7097635     
   7834935105.5137529     
   7834935105.5092354     
   7834935105.5086708     
   7834935105.5070200     
   7834935105.4729099     
   7834935105.4703197     
   7834935105.4119644     
   7834935105.4067955     
   7834935105.2010117     
   7834935105.1321583     
   7834935104.2023849     
   7834935104.0790920     
   7834935104.0348978     
   7834935114.3215866     
   7834935114.3207598     
   7834935114.3202744     
   7834935114.3190002     
   7834935114.2640486     
   7834935114.2632885     
   7834935114.2624073     
   7834935114.2610331     
   7834935114.1851149     
   7834935113.3256464     
   7834935113.3253136     
   7834935113.3116217     
   7834935113.3040943     
   7834935112.5028305     
   7834935111.5927057     
   7834935111.5886545     
   7834935111.5827341     
   7834935111.5706587     
   7834935111.5149317     
   7834935110.9236441     
   7834935110.9225235     
   7834935110.4235182     
   7834935110.4080400     
   7834935110.3934355     
   7834935110.3914213     
   7834935110.2570343     
   7834935110.2566719     
   7834935111.7356586     
   7834935111.1591482     
   7834935111.1516390     
   7834935110.5677652     
   7834935110.5082312     
   7834935110.4359016     
   7834935110.3748913     
   7834935110.3022223     
   7834935110.1132011     
   7834935110.1130610     
   7834935109.9824457     
   7834935109.9824419     
   7834935109.9471731     
   7834935109.9471655     
   7834935109.9450283     
   7834935109.9366598     
   7834935109.9036627     
   7834935109.8906517     
   7834935109.8783627     
   7834935194.0415306     
   7834935193.2353745     
   7834935192.6176643     
   7834935192.6021433     
   7834935192.5777941     
   7834935192.5520897     
   7834935192.5473557     
   7834935192.5472965     
   7834935192.5459547     
   7834935192.5459538     
   7834935192.5419436     
   7834935192.5396662     
   7834935192.4901752     
   7834935192.4714355     
   7834935192.4540844     
   7834935192.4504948     
   7834935192.4373484     
   7834935192.1909018     
   7834935192.1893682     
   7834941467.6583643     
   7834941467.1888351     
   7834941467.0833340     
   7834941467.0548134     
   7834941466.7705851     
   7834941466.7539902     
   7834941466.7509241     
   7834941466.6783571     
   7834941466.6391792     
   7834941466.6065063     
   7834941466.5251694     
   7834941466.4822874     
   7834941466.4763241     
   7834941466.4644194     
   7834941466.4624825     
   7834941466.3647528     
   7834941465.7329979     
   7834941465.6812496     
   7834941465.6624804     
   7834941465.6623478     
   7834941465.6387377     
   7834941465.3776636     
   7834941465.3712130     
   7834941465.3255606     
   7834941465.3229475     
   7834941465.2234507     
   7834941465.2185068     
   7834941842.5195332     
   7834941842.4070148     
   7834941842.3979321     
   7834941842.3883801     
   7834941842.3880301     
   7834941842.3852701     
   7834941842.3847637     
   7834941842.3836823     
   7834941842.3822708     
   7834941842.3695841     
   7834941842.2140083     
   7834942663.2959566     
   7834942663.2615070     
   7834942663.2336092     
   7834942663.1567774     
   7834942663.1553860     
   7834942663.1444607     
   7834942662.8700485     
   7834942662.8100452     
   7834942662.8100433     
   7834942662.8049088     
   7834942662.7938852     
   7834942662.7819738     
   7834942662.7635098     
   7834942662.6390533     
   7834942662.5980253     
   7834942662.5419464     
   7834942662.4949541     
   7834942662.3510542     
   7834942662.3508759     
   7834942662.3037004     
   7834942662.8292341     
   7834942662.7909155     
   7834942662.7609577     
   7834942662.7300186     
   7834942662.7225895     
   7834942662.6955700     
   7834942662.6705112     
   7834942662.5120564     
   7834942662.5080585     
   7834942662.5057421     
   7834942662.4978743     
   7834942662.4893532     
   7834942662.1710520     
   7834942661.8750238     
   7834942661.8258829     
   7834942661.8240376     
   7834942660.9270763     
   7834942660.9270754     
   7834942660.9270716     
   7834942660.8576736     
   7834942660.8576727     
   7834942660.5063972     
   7834942660.5023413     
   7834942659.7124128     
   7834942659.7112932     
   7834942659.7059793     
   7834942659.6818428     
   7834942659.6787643     
   7834942659.6371679     
   7834942659.6335974     
   7834942659.6263866     
   7834942659.6151752     
   7834942659.6148319     
   7834942659.6055422     
   7834942659.5819073     
   7834942659.5756626     
   7834942659.2216358     
   7834942658.6231890     
   7834942658.6026840     
   7834942666.2709894     
   7834942666.2446404     
   7834942665.9184465     
   7834942665.1240664     
   7834942665.0592337     
   7834942664.9906044     
   7835065698.9020290     
   7835065698.9020271     
   7835065698.0056458     
   7835065697.9880018     
   7835065697.9878483     
   7835065697.9874821     
   7835065697.0975199     
   7835065697.0936956     
   7835065697.0709867     
   7835065697.0709743     
   7835065697.0565090     
   7835065697.0535870     
   7835065697.0031862     
   7835065696.9979467     
   7835065696.5034781     
   7835065696.5018158     
   7835065696.5018101     
   7835065696.4931984     
   7835065696.3788023     
   7835065696.3682089     
   7835065695.7853279     
   7835065695.3543186     
   7835065695.2722454     
   235.87199521064758     
