   2.1642028504301072     
   7.7477292573434227     
   28.005794814546910     
   1360.7268895343177     
   9.9920049779261499E-002
  0.97177996052462723     
   8.8478096098875025E-002
  0.63641789262845294     
  0.93549076729014780     
  0.63100871530769242     
  0.17346209912205968     
   2.0083835165130095     
  0.47325598858028384     
  0.27517070958922685     
  0.97500872976240849     
  0.15256100842467457     
  0.92626937005339571     
   1.7985096461992089E-004
  0.78183763940079665     
   114.85497618280425     
   548.19886479333275     
   12025.875175130821     
   14.473678819081343     
  0.93474827774555469     
  0.37756105558891773     
   2.7635297162848351     
  0.15397938301490555     
   5.9678643981438366     
   9.3342912065910326     
  0.51053094234124397     
   11.612135736522204     
  0.38271162029602168     
   17.188044636377114     
   2.7217118504840987E-002
   2.9252344226020410E-002
   95372.167797630522     
   1069.6748889771934     
  0.25440137109799954     
   1.0431297986302770     
   4.2888094176296576E-005
   6.7829892521811264E-003
   2.5061825918624936E-002
   2.5878106610019991E-002
  0.87238842094513780     
  0.19233340882455063     
  0.18975305744894821     
  0.82826556031943743     
   4.1921001433267935E-002
   6.3418355747516419E-002
  0.22265004381772469     
  0.70847211251454822     
  0.14258216176155791     
  0.10776719732813200     
   3.8761159204118156E-002
   8.7266931080574786     
  0.20548442783130916     
   37.783070944699020     
  0.10517271866268219     
  0.52008651937087946     
  0.11022442785924402     
   1.3883497931743705E-004
  0.35680353206089122     
   1.3560707825818974E-002
  0.36089016807722774     
  0.37136424540602841     
   5.3851621127698479E-005
   5.3672530616583201     
  0.18271519017225157     
   5.7060093563646941E-002
   2.4952421317470108E-003
   7.3662903876952401E-002
  0.14104675711087611     
   2.3595009264486877E-002
  0.53592703673504194     
  0.15569492880502900     
  0.31320306650664798     
  0.36789064221655743     
  0.71380286516610758     
  0.30641787649528374     
   9.4159156553607626E-002
  0.72666106280381015     
   44.445419514763280     
  0.81314064071553505     
   5.3080012421862777E-002
   3.3639909361847797E-002
   4.6512587149957207E-003
  0.16662416104399547     
  0.40573270324456900     
   9.2242352686023175     
  0.12519690206258738     
   25.402259437733576     
  0.47997947767554405     
   12827.992744015077     
   4.0614014117980157E-002
  0.44748657186136365     
  0.25438315608477469     
  0.28556073936909088     
   2.5846335801965932     
  0.11802846763147778     
   24.434551766858380     
   1.7761529843705595     
   5465.4405369793403     
   9.6823867580309031E-004
  0.77122736459186858     
   1.2878098266837279E-002
   5.8274614113718037E-004
  0.32174075808871050     
   9.5608265388868894     
   1.1613704637229438E-002
  0.17210721760330472     
  0.23364035712983711     
  0.86319534836433487     
  0.61116003417437259     
   1.3599877384623649E-002
   76.812549546262318     
  0.67800557999740918     
   1.8242004148240620E-002
   4.6683028561228079E-002
  0.78643388104290479     
  0.25705190080469154     
  0.80335711629961759     
   2.5758149553855016     
  0.25416631534902623     
   6.1586580201417638     
  0.23707421034121701     
   1.9282213491356170E-002
   5.7478510639820235E-002
   2.7883280669553923E-003
  0.72979781014444856     
   5.0556234742622941E-002
  0.68140175157470773     
   1.8209148610653481E-002
   3.3630763396358399E-002
   2.9674594433801977     
  0.77975834241187880     
   45.452079638492307     
  0.39331437613222731     
   5889.9038478249913     
   453.51837211172932     
  0.71419011874185689     
   11.727482140759760     
  0.80366288646753847     
   5.4545658507126893E-002
  0.62536891396110916     
   38215.215354792876     
   9.7504696076513020E-002
  0.75425615840265325     
   787.69018822440546     
  0.11598629221256362     
   7.4925770901956845E-004
   1.2617766443188461E-002
   1.3121894836414127E-002
   2.1406300210487950E-002
   146587.22607583369     
   2.0603035710605511E-002
   2.3561857858147461E-002
   9.0215041593582068E-003
   4.5781818892946524E-002
   8.0247983206214180E-003
   6.2192704702442869E-002
  0.37401514711368089     
   123914.00598556186     
   8.8047327548152214     
   7.5336139903842470E-002
  0.74209874344004723     
  0.80053716445088630     
   3.6304877979997929E-004
   5.5729888656537376     
   13.386605687268338     
   2.5711138957797974E-003
   5.9505204031136905E-002
   3.6896087106824460E-002
   12581.508888255954     
   6.6307179545759789     
   2.8414403678990174E-003
   9847.3016693442696     
  0.69949607169447003     
   46.059582233990909     
   1.1537766358684864E-002
   4.5269065780897400E-003
   30.048269813836697     
  0.23968198074212610     
  0.58329309421447162     
   4.1310611609095882E-002
  0.20308708410739507     
  0.28040746982899289     
  0.81068239888767168     
  0.96015366318402817     
   5.6372629945928328     
   11850.034933813078     
  Potential Energy    479485.17970663105     
  Kinetic Energy    235.87199521064758     
  Total Energy    479721.05170184170     
